codes_postaux,df1_activitePrincipaleUniteLegale,df1_count,latitude,longitude
33490,58.19Z,12,44.583333,-0.25
33490,58.19Z,12,44.633333,-0.233333
33490,58.19Z,12,44.566667,-0.183333
33490,58.19Z,12,44.566667,-0.166667
33490,58.19Z,12,44.616667,-0.183333
33490,58.19Z,12,44.566667,-0.266667
33490,58.19Z,12,44.566667,-0.216667
33490,58.19Z,12,"",""
33490,58.19Z,12,44.6,-0.15
33490,58.19Z,12,44.6,-0.2
33490,58.19Z,12,44.583333,-0.216667
33490,58.19Z,12,44.566667,-0.15
33490,45.20B,12,44.583333,-0.25
33490,45.20B,12,44.633333,-0.233333
33490,45.20B,12,44.566667,-0.183333
33490,45.20B,12,44.566667,-0.166667
33490,45.20B,12,44.616667,-0.183333
33490,45.20B,12,44.566667,-0.266667
33490,45.20B,12,44.566667,-0.216667
33490,45.20B,12,"",""
33490,45.20B,12,44.6,-0.15
33490,45.20B,12,44.6,-0.2
33490,45.20B,12,44.583333,-0.216667
33490,45.20B,12,44.566667,-0.15
33490,47.99A,60,44.583333,-0.25
33490,47.99A,60,44.633333,-0.233333
33490,47.99A,60,44.566667,-0.183333
33490,47.99A,60,44.566667,-0.166667
33490,47.99A,60,44.616667,-0.183333
33490,47.99A,60,44.566667,-0.266667
33490,47.99A,60,44.566667,-0.216667
33490,47.99A,60,"",""
33490,47.99A,60,44.6,-0.15
33490,47.99A,60,44.6,-0.2
33490,47.99A,60,44.583333,-0.216667
33490,47.99A,60,44.566667,-0.15
33490,87.30A,12,44.583333,-0.25
33490,87.30A,12,44.633333,-0.233333
33490,87.30A,12,44.566667,-0.183333
33490,87.30A,12,44.566667,-0.166667
33490,87.30A,12,44.616667,-0.183333
33490,87.30A,12,44.566667,-0.266667
33490,87.30A,12,44.566667,-0.216667
33490,87.30A,12,"",""
33490,87.30A,12,44.6,-0.15
33490,87.30A,12,44.6,-0.2
33490,87.30A,12,44.583333,-0.216667
33490,87.30A,12,44.566667,-0.15
33490,70.3A,72,44.583333,-0.25
33490,70.3A,72,44.633333,-0.233333
33490,70.3A,72,44.566667,-0.183333
33490,70.3A,72,44.566667,-0.166667
33490,70.3A,72,44.616667,-0.183333
33490,70.3A,72,44.566667,-0.266667
33490,70.3A,72,44.566667,-0.216667
33490,70.3A,72,"",""
33490,70.3A,72,44.6,-0.15
33490,70.3A,72,44.6,-0.2
33490,70.3A,72,44.583333,-0.216667
33490,70.3A,72,44.566667,-0.15
33490,64.11,24,44.583333,-0.25
33490,64.11,24,44.633333,-0.233333
33490,64.11,24,44.566667,-0.183333
33490,64.11,24,44.566667,-0.166667
33490,64.11,24,44.616667,-0.183333
33490,64.11,24,44.566667,-0.266667
33490,64.11,24,44.566667,-0.216667
33490,64.11,24,"",""
33490,64.11,24,44.6,-0.15
33490,64.11,24,44.6,-0.2
33490,64.11,24,44.583333,-0.216667
33490,64.11,24,44.566667,-0.15
33490,55.3A,36,44.583333,-0.25
33490,55.3A,36,44.633333,-0.233333
33490,55.3A,36,44.566667,-0.183333
33490,55.3A,36,44.566667,-0.166667
33490,55.3A,36,44.616667,-0.183333
33490,55.3A,36,44.566667,-0.266667
33490,55.3A,36,44.566667,-0.216667
33490,55.3A,36,"",""
33490,55.3A,36,44.6,-0.15
33490,55.3A,36,44.6,-0.2
33490,55.3A,36,44.583333,-0.216667
33490,55.3A,36,44.566667,-0.15
33490,43.22A,96,44.583333,-0.25
33490,43.22A,96,44.633333,-0.233333
33490,43.22A,96,44.566667,-0.183333
33490,43.22A,96,44.566667,-0.166667
33490,43.22A,96,44.616667,-0.183333
33490,43.22A,96,44.566667,-0.266667
33490,43.22A,96,44.566667,-0.216667
33490,43.22A,96,"",""
33490,43.22A,96,44.6,-0.15
33490,43.22A,96,44.6,-0.2
33490,43.22A,96,44.583333,-0.216667
33490,43.22A,96,44.566667,-0.15
33490,93.0D,36,44.583333,-0.25
33490,93.0D,36,44.633333,-0.233333
33490,93.0D,36,44.566667,-0.183333
33490,93.0D,36,44.566667,-0.166667
33490,93.0D,36,44.616667,-0.183333
33490,93.0D,36,44.566667,-0.266667
33490,93.0D,36,44.566667,-0.216667
33490,93.0D,36,"",""
33490,93.0D,36,44.6,-0.15
33490,93.0D,36,44.6,-0.2
33490,93.0D,36,44.583333,-0.216667
33490,93.0D,36,44.566667,-0.15
33490,01.11Z,132,44.583333,-0.25
33490,01.11Z,132,44.633333,-0.233333
33490,01.11Z,132,44.566667,-0.183333
33490,01.11Z,132,44.566667,-0.166667
33490,01.11Z,132,44.616667,-0.183333
33490,01.11Z,132,44.566667,-0.266667
33490,01.11Z,132,44.566667,-0.216667
33490,01.11Z,132,"",""
33490,01.11Z,132,44.6,-0.15
33490,01.11Z,132,44.6,-0.2
33490,01.11Z,132,44.583333,-0.216667
33490,01.11Z,132,44.566667,-0.15
33490,47.79Z,12,44.583333,-0.25
33490,47.79Z,12,44.633333,-0.233333
33490,47.79Z,12,44.566667,-0.183333
33490,47.79Z,12,44.566667,-0.166667
33490,47.79Z,12,44.616667,-0.183333
33490,47.79Z,12,44.566667,-0.266667
33490,47.79Z,12,44.566667,-0.216667
33490,47.79Z,12,"",""
33490,47.79Z,12,44.6,-0.15
33490,47.79Z,12,44.6,-0.2
33490,47.79Z,12,44.583333,-0.216667
33490,47.79Z,12,44.566667,-0.15
33490,00.97,12,44.583333,-0.25
33490,00.97,12,44.633333,-0.233333
33490,00.97,12,44.566667,-0.183333
33490,00.97,12,44.566667,-0.166667
33490,00.97,12,44.616667,-0.183333
33490,00.97,12,44.566667,-0.266667
33490,00.97,12,44.566667,-0.216667
33490,00.97,12,"",""
33490,00.97,12,44.6,-0.15
33490,00.97,12,44.6,-0.2
33490,00.97,12,44.583333,-0.216667
33490,00.97,12,44.566667,-0.15
33490,52.3A,24,44.583333,-0.25
33490,52.3A,24,44.633333,-0.233333
33490,52.3A,24,44.566667,-0.183333
33490,52.3A,24,44.566667,-0.166667
33490,52.3A,24,44.616667,-0.183333
33490,52.3A,24,44.566667,-0.266667
33490,52.3A,24,44.566667,-0.216667
33490,52.3A,24,"",""
33490,52.3A,24,44.6,-0.15
33490,52.3A,24,44.6,-0.2
33490,52.3A,24,44.583333,-0.216667
33490,52.3A,24,44.566667,-0.15
33490,65.02,12,44.583333,-0.25
33490,65.02,12,44.633333,-0.233333
33490,65.02,12,44.566667,-0.183333
33490,65.02,12,44.566667,-0.166667
33490,65.02,12,44.616667,-0.183333
33490,65.02,12,44.566667,-0.266667
33490,65.02,12,44.566667,-0.216667
33490,65.02,12,"",""
33490,65.02,12,44.6,-0.15
33490,65.02,12,44.6,-0.2
33490,65.02,12,44.583333,-0.216667
33490,65.02,12,44.566667,-0.15
33490,95.29Z,72,44.583333,-0.25
33490,95.29Z,72,44.633333,-0.233333
33490,95.29Z,72,44.566667,-0.183333
33490,95.29Z,72,44.566667,-0.166667
33490,95.29Z,72,44.616667,-0.183333
33490,95.29Z,72,44.566667,-0.266667
33490,95.29Z,72,44.566667,-0.216667
33490,95.29Z,72,"",""
33490,95.29Z,72,44.6,-0.15
33490,95.29Z,72,44.6,-0.2
33490,95.29Z,72,44.583333,-0.216667
33490,95.29Z,72,44.566667,-0.15
33490,52.4Z,12,44.583333,-0.25
33490,52.4Z,12,44.633333,-0.233333
33490,52.4Z,12,44.566667,-0.183333
33490,52.4Z,12,44.566667,-0.166667
33490,52.4Z,12,44.616667,-0.183333
33490,52.4Z,12,44.566667,-0.266667
33490,52.4Z,12,44.566667,-0.216667
33490,52.4Z,12,"",""
33490,52.4Z,12,44.6,-0.15
33490,52.4Z,12,44.6,-0.2
33490,52.4Z,12,44.583333,-0.216667
33490,52.4Z,12,44.566667,-0.15
33490,92.3A,12,44.583333,-0.25
33490,92.3A,12,44.633333,-0.233333
33490,92.3A,12,44.566667,-0.183333
33490,92.3A,12,44.566667,-0.166667
33490,92.3A,12,44.616667,-0.183333
33490,92.3A,12,44.566667,-0.266667
33490,92.3A,12,44.566667,-0.216667
33490,92.3A,12,"",""
33490,92.3A,12,44.6,-0.15
33490,92.3A,12,44.6,-0.2
33490,92.3A,12,44.583333,-0.216667
33490,92.3A,12,44.566667,-0.15
33490,68.20A,288,44.583333,-0.25
33490,68.20A,288,44.633333,-0.233333
33490,68.20A,288,44.566667,-0.183333
33490,68.20A,288,44.566667,-0.166667
33490,68.20A,288,44.616667,-0.183333
33490,68.20A,288,44.566667,-0.266667
33490,68.20A,288,44.566667,-0.216667
33490,68.20A,288,"",""
33490,68.20A,288,44.6,-0.15
33490,68.20A,288,44.6,-0.2
33490,68.20A,288,44.583333,-0.216667
33490,68.20A,288,44.566667,-0.15
33490,05.0A,24,44.583333,-0.25
33490,05.0A,24,44.633333,-0.233333
33490,05.0A,24,44.566667,-0.183333
33490,05.0A,24,44.566667,-0.166667
33490,05.0A,24,44.616667,-0.183333
33490,05.0A,24,44.566667,-0.266667
33490,05.0A,24,44.566667,-0.216667
33490,05.0A,24,"",""
33490,05.0A,24,44.6,-0.15
33490,05.0A,24,44.6,-0.2
33490,05.0A,24,44.583333,-0.216667
33490,05.0A,24,44.566667,-0.15
33490,01.50,12,44.583333,-0.25
33490,01.50,12,44.633333,-0.233333
33490,01.50,12,44.566667,-0.183333
33490,01.50,12,44.566667,-0.166667
33490,01.50,12,44.616667,-0.183333
33490,01.50,12,44.566667,-0.266667
33490,01.50,12,44.566667,-0.216667
33490,01.50,12,"",""
33490,01.50,12,44.6,-0.15
33490,01.50,12,44.6,-0.2
33490,01.50,12,44.583333,-0.216667
33490,01.50,12,44.566667,-0.15
33490,85.1E,12,44.583333,-0.25
33490,85.1E,12,44.633333,-0.233333
33490,85.1E,12,44.566667,-0.183333
33490,85.1E,12,44.566667,-0.166667
33490,85.1E,12,44.616667,-0.183333
33490,85.1E,12,44.566667,-0.266667
33490,85.1E,12,44.566667,-0.216667
33490,85.1E,12,"",""
33490,85.1E,12,44.6,-0.15
33490,85.1E,12,44.6,-0.2
33490,85.1E,12,44.583333,-0.216667
33490,85.1E,12,44.566667,-0.15
33490,45.3E,24,44.583333,-0.25
33490,45.3E,24,44.633333,-0.233333
33490,45.3E,24,44.566667,-0.183333
33490,45.3E,24,44.566667,-0.166667
33490,45.3E,24,44.616667,-0.183333
33490,45.3E,24,44.566667,-0.266667
33490,45.3E,24,44.566667,-0.216667
33490,45.3E,24,"",""
33490,45.3E,24,44.6,-0.15
33490,45.3E,24,44.6,-0.2
33490,45.3E,24,44.583333,-0.216667
33490,45.3E,24,44.566667,-0.15
33490,55.60,72,44.583333,-0.25
33490,55.60,72,44.633333,-0.233333
33490,55.60,72,44.566667,-0.183333
33490,55.60,72,44.566667,-0.166667
33490,55.60,72,44.616667,-0.183333
33490,55.60,72,44.566667,-0.266667
33490,55.60,72,44.566667,-0.216667
33490,55.60,72,"",""
33490,55.60,72,44.6,-0.15
33490,55.60,72,44.6,-0.2
33490,55.60,72,44.583333,-0.216667
33490,55.60,72,44.566667,-0.15
33490,56.30Z,48,44.583333,-0.25
33490,56.30Z,48,44.633333,-0.233333
33490,56.30Z,48,44.566667,-0.183333
33490,56.30Z,48,44.566667,-0.166667
33490,56.30Z,48,44.616667,-0.183333
33490,56.30Z,48,44.566667,-0.266667
33490,56.30Z,48,44.566667,-0.216667
33490,56.30Z,48,"",""
33490,56.30Z,48,44.6,-0.15
33490,56.30Z,48,44.6,-0.2
33490,56.30Z,48,44.583333,-0.216667
33490,56.30Z,48,44.566667,-0.15
33490,52.21Z,12,44.583333,-0.25
33490,52.21Z,12,44.633333,-0.233333
33490,52.21Z,12,44.566667,-0.183333
33490,52.21Z,12,44.566667,-0.166667
33490,52.21Z,12,44.616667,-0.183333
33490,52.21Z,12,44.566667,-0.266667
33490,52.21Z,12,44.566667,-0.216667
33490,52.21Z,12,"",""
33490,52.21Z,12,44.6,-0.15
33490,52.21Z,12,44.6,-0.2
33490,52.21Z,12,44.583333,-0.216667
33490,52.21Z,12,44.566667,-0.15
33490,36.00Z,24,44.583333,-0.25
33490,36.00Z,24,44.633333,-0.233333
33490,36.00Z,24,44.566667,-0.183333
33490,36.00Z,24,44.566667,-0.166667
33490,36.00Z,24,44.616667,-0.183333
33490,36.00Z,24,44.566667,-0.266667
33490,36.00Z,24,44.566667,-0.216667
33490,36.00Z,24,"",""
33490,36.00Z,24,44.6,-0.15
33490,36.00Z,24,44.6,-0.2
33490,36.00Z,24,44.583333,-0.216667
33490,36.00Z,24,44.566667,-0.15
33490,95.11Z,24,44.583333,-0.25
33490,95.11Z,24,44.633333,-0.233333
33490,95.11Z,24,44.566667,-0.183333
33490,95.11Z,24,44.566667,-0.166667
33490,95.11Z,24,44.616667,-0.183333
33490,95.11Z,24,44.566667,-0.266667
33490,95.11Z,24,44.566667,-0.216667
33490,95.11Z,24,"",""
33490,95.11Z,24,44.6,-0.15
33490,95.11Z,24,44.6,-0.2
33490,95.11Z,24,44.583333,-0.216667
33490,95.11Z,24,44.566667,-0.15
33490,85.1C,24,44.583333,-0.25
33490,85.1C,24,44.633333,-0.233333
33490,85.1C,24,44.566667,-0.183333
33490,85.1C,24,44.566667,-0.166667
33490,85.1C,24,44.616667,-0.183333
33490,85.1C,24,44.566667,-0.266667
33490,85.1C,24,44.566667,-0.216667
33490,85.1C,24,"",""
33490,85.1C,24,44.6,-0.15
33490,85.1C,24,44.6,-0.2
33490,85.1C,24,44.583333,-0.216667
33490,85.1C,24,44.566667,-0.15
33490,62.11,36,44.583333,-0.25
33490,62.11,36,44.633333,-0.233333
33490,62.11,36,44.566667,-0.183333
33490,62.11,36,44.566667,-0.166667
33490,62.11,36,44.616667,-0.183333
33490,62.11,36,44.566667,-0.266667
33490,62.11,36,44.566667,-0.216667
33490,62.11,36,"",""
33490,62.11,36,44.6,-0.15
33490,62.11,36,44.6,-0.2
33490,62.11,36,44.583333,-0.216667
33490,62.11,36,44.566667,-0.15
33490,50.2Z,12,44.583333,-0.25
33490,50.2Z,12,44.633333,-0.233333
33490,50.2Z,12,44.566667,-0.183333
33490,50.2Z,12,44.566667,-0.166667
33490,50.2Z,12,44.616667,-0.183333
33490,50.2Z,12,44.566667,-0.266667
33490,50.2Z,12,44.566667,-0.216667
33490,50.2Z,12,"",""
33490,50.2Z,12,44.6,-0.15
33490,50.2Z,12,44.6,-0.2
33490,50.2Z,12,44.583333,-0.216667
33490,50.2Z,12,44.566667,-0.15
33490,47.52A,12,44.583333,-0.25
33490,47.52A,12,44.633333,-0.233333
33490,47.52A,12,44.566667,-0.183333
33490,47.52A,12,44.566667,-0.166667
33490,47.52A,12,44.616667,-0.183333
33490,47.52A,12,44.566667,-0.266667
33490,47.52A,12,44.566667,-0.216667
33490,47.52A,12,"",""
33490,47.52A,12,44.6,-0.15
33490,47.52A,12,44.6,-0.2
33490,47.52A,12,44.583333,-0.216667
33490,47.52A,12,44.566667,-0.15
33490,45.4J,12,44.583333,-0.25
33490,45.4J,12,44.633333,-0.233333
33490,45.4J,12,44.566667,-0.183333
33490,45.4J,12,44.566667,-0.166667
33490,45.4J,12,44.616667,-0.183333
33490,45.4J,12,44.566667,-0.266667
33490,45.4J,12,44.566667,-0.216667
33490,45.4J,12,"",""
33490,45.4J,12,44.6,-0.15
33490,45.4J,12,44.6,-0.2
33490,45.4J,12,44.583333,-0.216667
33490,45.4J,12,44.566667,-0.15
33490,52.4Y,12,44.583333,-0.25
33490,52.4Y,12,44.633333,-0.233333
33490,52.4Y,12,44.566667,-0.183333
33490,52.4Y,12,44.566667,-0.166667
33490,52.4Y,12,44.616667,-0.183333
33490,52.4Y,12,44.566667,-0.266667
33490,52.4Y,12,44.566667,-0.216667
33490,52.4Y,12,"",""
33490,52.4Y,12,44.6,-0.15
33490,52.4Y,12,44.6,-0.2
33490,52.4Y,12,44.583333,-0.216667
33490,52.4Y,12,44.566667,-0.15
33490,43.34Z,120,44.583333,-0.25
33490,43.34Z,120,44.633333,-0.233333
33490,43.34Z,120,44.566667,-0.183333
33490,43.34Z,120,44.566667,-0.166667
33490,43.34Z,120,44.616667,-0.183333
33490,43.34Z,120,44.566667,-0.266667
33490,43.34Z,120,44.566667,-0.216667
33490,43.34Z,120,"",""
33490,43.34Z,120,44.6,-0.15
33490,43.34Z,120,44.6,-0.2
33490,43.34Z,120,44.583333,-0.216667
33490,43.34Z,120,44.566667,-0.15
33490,93.19Z,24,44.583333,-0.25
33490,93.19Z,24,44.633333,-0.233333
33490,93.19Z,24,44.566667,-0.183333
33490,93.19Z,24,44.566667,-0.166667
33490,93.19Z,24,44.616667,-0.183333
33490,93.19Z,24,44.566667,-0.266667
33490,93.19Z,24,44.566667,-0.216667
33490,93.19Z,24,"",""
33490,93.19Z,24,44.6,-0.15
33490,93.19Z,24,44.6,-0.2
33490,93.19Z,24,44.583333,-0.216667
33490,93.19Z,24,44.566667,-0.15
33490,36.4Z,12,44.583333,-0.25
33490,36.4Z,12,44.633333,-0.233333
33490,36.4Z,12,44.566667,-0.183333
33490,36.4Z,12,44.566667,-0.166667
33490,36.4Z,12,44.616667,-0.183333
33490,36.4Z,12,44.566667,-0.266667
33490,36.4Z,12,44.566667,-0.216667
33490,36.4Z,12,"",""
33490,36.4Z,12,44.6,-0.15
33490,36.4Z,12,44.6,-0.2
33490,36.4Z,12,44.583333,-0.216667
33490,36.4Z,12,44.566667,-0.15
33490,52.4X,12,44.583333,-0.25
33490,52.4X,12,44.633333,-0.233333
33490,52.4X,12,44.566667,-0.183333
33490,52.4X,12,44.566667,-0.166667
33490,52.4X,12,44.616667,-0.183333
33490,52.4X,12,44.566667,-0.266667
33490,52.4X,12,44.566667,-0.216667
33490,52.4X,12,"",""
33490,52.4X,12,44.6,-0.15
33490,52.4X,12,44.6,-0.2
33490,52.4X,12,44.583333,-0.216667
33490,52.4X,12,44.566667,-0.15
33490,87.10A,12,44.583333,-0.25
33490,87.10A,12,44.633333,-0.233333
33490,87.10A,12,44.566667,-0.183333
33490,87.10A,12,44.566667,-0.166667
33490,87.10A,12,44.616667,-0.183333
33490,87.10A,12,44.566667,-0.266667
33490,87.10A,12,44.566667,-0.216667
33490,87.10A,12,"",""
33490,87.10A,12,44.6,-0.15
33490,87.10A,12,44.6,-0.2
33490,87.10A,12,44.583333,-0.216667
33490,87.10A,12,44.566667,-0.15
33490,64.20Z,12,44.583333,-0.25
33490,64.20Z,12,44.633333,-0.233333
33490,64.20Z,12,44.566667,-0.183333
33490,64.20Z,12,44.566667,-0.166667
33490,64.20Z,12,44.616667,-0.183333
33490,64.20Z,12,44.566667,-0.266667
33490,64.20Z,12,44.566667,-0.216667
33490,64.20Z,12,"",""
33490,64.20Z,12,44.6,-0.15
33490,64.20Z,12,44.6,-0.2
33490,64.20Z,12,44.583333,-0.216667
33490,64.20Z,12,44.566667,-0.15
33490,52.7H,12,44.583333,-0.25
33490,52.7H,12,44.633333,-0.233333
33490,52.7H,12,44.566667,-0.183333
33490,52.7H,12,44.566667,-0.166667
33490,52.7H,12,44.616667,-0.183333
33490,52.7H,12,44.566667,-0.266667
33490,52.7H,12,44.566667,-0.216667
33490,52.7H,12,"",""
33490,52.7H,12,44.6,-0.15
33490,52.7H,12,44.6,-0.2
33490,52.7H,12,44.583333,-0.216667
33490,52.7H,12,44.566667,-0.15
33490,86.90E,156,44.583333,-0.25
33490,86.90E,156,44.633333,-0.233333
33490,86.90E,156,44.566667,-0.183333
33490,86.90E,156,44.566667,-0.166667
33490,86.90E,156,44.616667,-0.183333
33490,86.90E,156,44.566667,-0.266667
33490,86.90E,156,44.566667,-0.216667
33490,86.90E,156,"",""
33490,86.90E,156,44.6,-0.15
33490,86.90E,156,44.6,-0.2
33490,86.90E,156,44.583333,-0.216667
33490,86.90E,156,44.566667,-0.15
33490,03.22Z,48,44.583333,-0.25
33490,03.22Z,48,44.633333,-0.233333
33490,03.22Z,48,44.566667,-0.183333
33490,03.22Z,48,44.566667,-0.166667
33490,03.22Z,48,44.616667,-0.183333
33490,03.22Z,48,44.566667,-0.266667
33490,03.22Z,48,44.566667,-0.216667
33490,03.22Z,48,"",""
33490,03.22Z,48,44.6,-0.15
33490,03.22Z,48,44.6,-0.2
33490,03.22Z,48,44.583333,-0.216667
33490,03.22Z,48,44.566667,-0.15
33490,01.43Z,24,44.583333,-0.25
33490,01.43Z,24,44.633333,-0.233333
33490,01.43Z,24,44.566667,-0.183333
33490,01.43Z,24,44.566667,-0.166667
33490,01.43Z,24,44.616667,-0.183333
33490,01.43Z,24,44.566667,-0.266667
33490,01.43Z,24,44.566667,-0.216667
33490,01.43Z,24,"",""
33490,01.43Z,24,44.6,-0.15
33490,01.43Z,24,44.6,-0.2
33490,01.43Z,24,44.583333,-0.216667
33490,01.43Z,24,44.566667,-0.15
33490,90.01Z,24,44.583333,-0.25
33490,90.01Z,24,44.633333,-0.233333
33490,90.01Z,24,44.566667,-0.183333
33490,90.01Z,24,44.566667,-0.166667
33490,90.01Z,24,44.616667,-0.183333
33490,90.01Z,24,44.566667,-0.266667
33490,90.01Z,24,44.566667,-0.216667
33490,90.01Z,24,"",""
33490,90.01Z,24,44.6,-0.15
33490,90.01Z,24,44.6,-0.2
33490,90.01Z,24,44.583333,-0.216667
33490,90.01Z,24,44.566667,-0.15
33490,71.20A,36,44.583333,-0.25
33490,71.20A,36,44.633333,-0.233333
33490,71.20A,36,44.566667,-0.183333
33490,71.20A,36,44.566667,-0.166667
33490,71.20A,36,44.616667,-0.183333
33490,71.20A,36,44.566667,-0.266667
33490,71.20A,36,44.566667,-0.216667
33490,71.20A,36,"",""
33490,71.20A,36,44.6,-0.15
33490,71.20A,36,44.6,-0.2
33490,71.20A,36,44.583333,-0.216667
33490,71.20A,36,44.566667,-0.15
33490,82.20Z,12,44.583333,-0.25
33490,82.20Z,12,44.633333,-0.233333
33490,82.20Z,12,44.566667,-0.183333
33490,82.20Z,12,44.566667,-0.166667
33490,82.20Z,12,44.616667,-0.183333
33490,82.20Z,12,44.566667,-0.266667
33490,82.20Z,12,44.566667,-0.216667
33490,82.20Z,12,"",""
33490,82.20Z,12,44.6,-0.15
33490,82.20Z,12,44.6,-0.2
33490,82.20Z,12,44.583333,-0.216667
33490,82.20Z,12,44.566667,-0.15
33490,47.82Z,36,44.583333,-0.25
33490,47.82Z,36,44.633333,-0.233333
33490,47.82Z,36,44.566667,-0.183333
33490,47.82Z,36,44.566667,-0.166667
33490,47.82Z,36,44.616667,-0.183333
33490,47.82Z,36,44.566667,-0.266667
33490,47.82Z,36,44.566667,-0.216667
33490,47.82Z,36,"",""
33490,47.82Z,36,44.6,-0.15
33490,47.82Z,36,44.6,-0.2
33490,47.82Z,36,44.583333,-0.216667
33490,47.82Z,36,44.566667,-0.15
33490,01.07,12,44.583333,-0.25
33490,01.07,12,44.633333,-0.233333
33490,01.07,12,44.566667,-0.183333
33490,01.07,12,44.566667,-0.166667
33490,01.07,12,44.616667,-0.183333
33490,01.07,12,44.566667,-0.266667
33490,01.07,12,44.566667,-0.216667
33490,01.07,12,"",""
33490,01.07,12,44.6,-0.15
33490,01.07,12,44.6,-0.2
33490,01.07,12,44.583333,-0.216667
33490,01.07,12,44.566667,-0.15
33490,43.32B,36,44.583333,-0.25
33490,43.32B,36,44.633333,-0.233333
33490,43.32B,36,44.566667,-0.183333
33490,43.32B,36,44.566667,-0.166667
33490,43.32B,36,44.616667,-0.183333
33490,43.32B,36,44.566667,-0.266667
33490,43.32B,36,44.566667,-0.216667
33490,43.32B,36,"",""
33490,43.32B,36,44.6,-0.15
33490,43.32B,36,44.6,-0.2
33490,43.32B,36,44.583333,-0.216667
33490,43.32B,36,44.566667,-0.15
33490,47.75Z,36,44.583333,-0.25
33490,47.75Z,36,44.633333,-0.233333
33490,47.75Z,36,44.566667,-0.183333
33490,47.75Z,36,44.566667,-0.166667
33490,47.75Z,36,44.616667,-0.183333
33490,47.75Z,36,44.566667,-0.266667
33490,47.75Z,36,44.566667,-0.216667
33490,47.75Z,36,"",""
33490,47.75Z,36,44.6,-0.15
33490,47.75Z,36,44.6,-0.2
33490,47.75Z,36,44.583333,-0.216667
33490,47.75Z,36,44.566667,-0.15
33490,94.91Z,48,44.583333,-0.25
33490,94.91Z,48,44.633333,-0.233333
33490,94.91Z,48,44.566667,-0.183333
33490,94.91Z,48,44.566667,-0.166667
33490,94.91Z,48,44.616667,-0.183333
33490,94.91Z,48,44.566667,-0.266667
33490,94.91Z,48,44.566667,-0.216667
33490,94.91Z,48,"",""
33490,94.91Z,48,44.6,-0.15
33490,94.91Z,48,44.6,-0.2
33490,94.91Z,48,44.583333,-0.216667
33490,94.91Z,48,44.566667,-0.15
33490,56.10C,96,44.583333,-0.25
33490,56.10C,96,44.633333,-0.233333
33490,56.10C,96,44.566667,-0.183333
33490,56.10C,96,44.566667,-0.166667
33490,56.10C,96,44.616667,-0.183333
33490,56.10C,96,44.566667,-0.266667
33490,56.10C,96,44.566667,-0.216667
33490,56.10C,96,"",""
33490,56.10C,96,44.6,-0.15
33490,56.10C,96,44.6,-0.2
33490,56.10C,96,44.583333,-0.216667
33490,56.10C,96,44.566667,-0.15
33490,74.90A,12,44.583333,-0.25
33490,74.90A,12,44.633333,-0.233333
33490,74.90A,12,44.566667,-0.183333
33490,74.90A,12,44.566667,-0.166667
33490,74.90A,12,44.616667,-0.183333
33490,74.90A,12,44.566667,-0.266667
33490,74.90A,12,44.566667,-0.216667
33490,74.90A,12,"",""
33490,74.90A,12,44.6,-0.15
33490,74.90A,12,44.6,-0.2
33490,74.90A,12,44.583333,-0.216667
33490,74.90A,12,44.566667,-0.15
33490,82.11Z,24,44.583333,-0.25
33490,82.11Z,24,44.633333,-0.233333
33490,82.11Z,24,44.566667,-0.183333
33490,82.11Z,24,44.566667,-0.166667
33490,82.11Z,24,44.616667,-0.183333
33490,82.11Z,24,44.566667,-0.266667
33490,82.11Z,24,44.566667,-0.216667
33490,82.11Z,24,"",""
33490,82.11Z,24,44.6,-0.15
33490,82.11Z,24,44.6,-0.2
33490,82.11Z,24,44.583333,-0.216667
33490,82.11Z,24,44.566667,-0.15
33490,43.91A,36,44.583333,-0.25
33490,43.91A,36,44.633333,-0.233333
33490,43.91A,36,44.566667,-0.183333
33490,43.91A,36,44.566667,-0.166667
33490,43.91A,36,44.616667,-0.183333
33490,43.91A,36,44.566667,-0.266667
33490,43.91A,36,44.566667,-0.216667
33490,43.91A,36,"",""
33490,43.91A,36,44.6,-0.15
33490,43.91A,36,44.6,-0.2
33490,43.91A,36,44.583333,-0.216667
33490,43.91A,36,44.566667,-0.15
33490,55.4C,12,44.583333,-0.25
33490,55.4C,12,44.633333,-0.233333
33490,55.4C,12,44.566667,-0.183333
33490,55.4C,12,44.566667,-0.166667
33490,55.4C,12,44.616667,-0.183333
33490,55.4C,12,44.566667,-0.266667
33490,55.4C,12,44.566667,-0.216667
33490,55.4C,12,"",""
33490,55.4C,12,44.6,-0.15
33490,55.4C,12,44.6,-0.2
33490,55.4C,12,44.583333,-0.216667
33490,55.4C,12,44.566667,-0.15
33490,81.30Z,96,44.583333,-0.25
33490,81.30Z,96,44.633333,-0.233333
33490,81.30Z,96,44.566667,-0.183333
33490,81.30Z,96,44.566667,-0.166667
33490,81.30Z,96,44.616667,-0.183333
33490,81.30Z,96,44.566667,-0.266667
33490,81.30Z,96,44.566667,-0.216667
33490,81.30Z,96,"",""
33490,81.30Z,96,44.6,-0.15
33490,81.30Z,96,44.6,-0.2
33490,81.30Z,96,44.583333,-0.216667
33490,81.30Z,96,44.566667,-0.15
33490,64.41,12,44.583333,-0.25
33490,64.41,12,44.633333,-0.233333
33490,64.41,12,44.566667,-0.183333
33490,64.41,12,44.566667,-0.166667
33490,64.41,12,44.616667,-0.183333
33490,64.41,12,44.566667,-0.266667
33490,64.41,12,44.566667,-0.216667
33490,64.41,12,"",""
33490,64.41,12,44.6,-0.15
33490,64.41,12,44.6,-0.2
33490,64.41,12,44.583333,-0.216667
33490,64.41,12,44.566667,-0.15
33490,84.11Z,60,44.583333,-0.25
33490,84.11Z,60,44.633333,-0.233333
33490,84.11Z,60,44.566667,-0.183333
33490,84.11Z,60,44.566667,-0.166667
33490,84.11Z,60,44.616667,-0.183333
33490,84.11Z,60,44.566667,-0.266667
33490,84.11Z,60,44.566667,-0.216667
33490,84.11Z,60,"",""
33490,84.11Z,60,44.6,-0.15
33490,84.11Z,60,44.6,-0.2
33490,84.11Z,60,44.583333,-0.216667
33490,84.11Z,60,44.566667,-0.15
33490,64.42,12,44.583333,-0.25
33490,64.42,12,44.633333,-0.233333
33490,64.42,12,44.566667,-0.183333
33490,64.42,12,44.566667,-0.166667
33490,64.42,12,44.616667,-0.183333
33490,64.42,12,44.566667,-0.266667
33490,64.42,12,44.566667,-0.216667
33490,64.42,12,"",""
33490,64.42,12,44.6,-0.15
33490,64.42,12,44.6,-0.2
33490,64.42,12,44.583333,-0.216667
33490,64.42,12,44.566667,-0.15
33490,20.42Z,12,44.583333,-0.25
33490,20.42Z,12,44.633333,-0.233333
33490,20.42Z,12,44.566667,-0.183333
33490,20.42Z,12,44.566667,-0.166667
33490,20.42Z,12,44.616667,-0.183333
33490,20.42Z,12,44.566667,-0.266667
33490,20.42Z,12,44.566667,-0.216667
33490,20.42Z,12,"",""
33490,20.42Z,12,44.6,-0.15
33490,20.42Z,12,44.6,-0.2
33490,20.42Z,12,44.583333,-0.216667
33490,20.42Z,12,44.566667,-0.15
33490,90.0A,12,44.583333,-0.25
33490,90.0A,12,44.633333,-0.233333
33490,90.0A,12,44.566667,-0.183333
33490,90.0A,12,44.566667,-0.166667
33490,90.0A,12,44.616667,-0.183333
33490,90.0A,12,44.566667,-0.266667
33490,90.0A,12,44.566667,-0.216667
33490,90.0A,12,"",""
33490,90.0A,12,44.6,-0.15
33490,90.0A,12,44.6,-0.2
33490,90.0A,12,44.583333,-0.216667
33490,90.0A,12,44.566667,-0.15
33490,50.1Z,12,44.583333,-0.25
33490,50.1Z,12,44.633333,-0.233333
33490,50.1Z,12,44.566667,-0.183333
33490,50.1Z,12,44.566667,-0.166667
33490,50.1Z,12,44.616667,-0.183333
33490,50.1Z,12,44.566667,-0.266667
33490,50.1Z,12,44.566667,-0.216667
33490,50.1Z,12,"",""
33490,50.1Z,12,44.6,-0.15
33490,50.1Z,12,44.6,-0.2
33490,50.1Z,12,44.583333,-0.216667
33490,50.1Z,12,44.566667,-0.15
33490,52.7C,12,44.583333,-0.25
33490,52.7C,12,44.633333,-0.233333
33490,52.7C,12,44.566667,-0.183333
33490,52.7C,12,44.566667,-0.166667
33490,52.7C,12,44.616667,-0.183333
33490,52.7C,12,44.566667,-0.266667
33490,52.7C,12,44.566667,-0.216667
33490,52.7C,12,"",""
33490,52.7C,12,44.6,-0.15
33490,52.7C,12,44.6,-0.2
33490,52.7C,12,44.583333,-0.216667
33490,52.7C,12,44.566667,-0.15
33490,26.12Z,12,44.583333,-0.25
33490,26.12Z,12,44.633333,-0.233333
33490,26.12Z,12,44.566667,-0.183333
33490,26.12Z,12,44.566667,-0.166667
33490,26.12Z,12,44.616667,-0.183333
33490,26.12Z,12,44.566667,-0.266667
33490,26.12Z,12,44.566667,-0.216667
33490,26.12Z,12,"",""
33490,26.12Z,12,44.6,-0.15
33490,26.12Z,12,44.6,-0.2
33490,26.12Z,12,44.583333,-0.216667
33490,26.12Z,12,44.566667,-0.15
33490,01.21Z,96,44.583333,-0.25
33490,01.21Z,96,44.633333,-0.233333
33490,01.21Z,96,44.566667,-0.183333
33490,01.21Z,96,44.566667,-0.166667
33490,01.21Z,96,44.616667,-0.183333
33490,01.21Z,96,44.566667,-0.266667
33490,01.21Z,96,44.566667,-0.216667
33490,01.21Z,96,"",""
33490,01.21Z,96,44.6,-0.15
33490,01.21Z,96,44.6,-0.2
33490,01.21Z,96,44.583333,-0.216667
33490,01.21Z,96,44.566667,-0.15
33490,55.2C,12,44.583333,-0.25
33490,55.2C,12,44.633333,-0.233333
33490,55.2C,12,44.566667,-0.183333
33490,55.2C,12,44.566667,-0.166667
33490,55.2C,12,44.616667,-0.183333
33490,55.2C,12,44.566667,-0.266667
33490,55.2C,12,44.566667,-0.216667
33490,55.2C,12,"",""
33490,55.2C,12,44.6,-0.15
33490,55.2C,12,44.6,-0.2
33490,55.2C,12,44.583333,-0.216667
33490,55.2C,12,44.566667,-0.15
33490,45.4D,12,44.583333,-0.25
33490,45.4D,12,44.633333,-0.233333
33490,45.4D,12,44.566667,-0.183333
33490,45.4D,12,44.566667,-0.166667
33490,45.4D,12,44.616667,-0.183333
33490,45.4D,12,44.566667,-0.266667
33490,45.4D,12,44.566667,-0.216667
33490,45.4D,12,"",""
33490,45.4D,12,44.6,-0.15
33490,45.4D,12,44.6,-0.2
33490,45.4D,12,44.583333,-0.216667
33490,45.4D,12,44.566667,-0.15
33490,85.1G,24,44.583333,-0.25
33490,85.1G,24,44.633333,-0.233333
33490,85.1G,24,44.566667,-0.183333
33490,85.1G,24,44.566667,-0.166667
33490,85.1G,24,44.616667,-0.183333
33490,85.1G,24,44.566667,-0.266667
33490,85.1G,24,44.566667,-0.216667
33490,85.1G,24,"",""
33490,85.1G,24,44.6,-0.15
33490,85.1G,24,44.6,-0.2
33490,85.1G,24,44.583333,-0.216667
33490,85.1G,24,44.566667,-0.15
33490,43.39Z,72,44.583333,-0.25
33490,43.39Z,72,44.633333,-0.233333
33490,43.39Z,72,44.566667,-0.183333
33490,43.39Z,72,44.566667,-0.166667
33490,43.39Z,72,44.616667,-0.183333
33490,43.39Z,72,44.566667,-0.266667
33490,43.39Z,72,44.566667,-0.216667
33490,43.39Z,72,"",""
33490,43.39Z,72,44.6,-0.15
33490,43.39Z,72,44.6,-0.2
33490,43.39Z,72,44.583333,-0.216667
33490,43.39Z,72,44.566667,-0.15
33490,01.3Z,12,44.583333,-0.25
33490,01.3Z,12,44.633333,-0.233333
33490,01.3Z,12,44.566667,-0.183333
33490,01.3Z,12,44.566667,-0.166667
33490,01.3Z,12,44.616667,-0.183333
33490,01.3Z,12,44.566667,-0.266667
33490,01.3Z,12,44.566667,-0.216667
33490,01.3Z,12,"",""
33490,01.3Z,12,44.6,-0.15
33490,01.3Z,12,44.6,-0.2
33490,01.3Z,12,44.583333,-0.216667
33490,01.3Z,12,44.566667,-0.15
33490,96.16,12,44.583333,-0.25
33490,96.16,12,44.633333,-0.233333
33490,96.16,12,44.566667,-0.183333
33490,96.16,12,44.566667,-0.166667
33490,96.16,12,44.616667,-0.183333
33490,96.16,12,44.566667,-0.266667
33490,96.16,12,44.566667,-0.216667
33490,96.16,12,"",""
33490,96.16,12,44.6,-0.15
33490,96.16,12,44.6,-0.2
33490,96.16,12,44.583333,-0.216667
33490,96.16,12,44.566667,-0.15
33490,55.20Z,12,44.583333,-0.25
33490,55.20Z,12,44.633333,-0.233333
33490,55.20Z,12,44.566667,-0.183333
33490,55.20Z,12,44.566667,-0.166667
33490,55.20Z,12,44.616667,-0.183333
33490,55.20Z,12,44.566667,-0.266667
33490,55.20Z,12,44.566667,-0.216667
33490,55.20Z,12,"",""
33490,55.20Z,12,44.6,-0.15
33490,55.20Z,12,44.6,-0.2
33490,55.20Z,12,44.583333,-0.216667
33490,55.20Z,12,44.566667,-0.15
33490,93.12Z,120,44.583333,-0.25
33490,93.12Z,120,44.633333,-0.233333
33490,93.12Z,120,44.566667,-0.183333
33490,93.12Z,120,44.566667,-0.166667
33490,93.12Z,120,44.616667,-0.183333
33490,93.12Z,120,44.566667,-0.266667
33490,93.12Z,120,44.566667,-0.216667
33490,93.12Z,120,"",""
33490,93.12Z,120,44.6,-0.15
33490,93.12Z,120,44.6,-0.2
33490,93.12Z,120,44.583333,-0.216667
33490,93.12Z,120,44.566667,-0.15
33490,43.22B,12,44.583333,-0.25
33490,43.22B,12,44.633333,-0.233333
33490,43.22B,12,44.566667,-0.183333
33490,43.22B,12,44.566667,-0.166667
33490,43.22B,12,44.616667,-0.183333
33490,43.22B,12,44.566667,-0.266667
33490,43.22B,12,44.566667,-0.216667
33490,43.22B,12,"",""
33490,43.22B,12,44.6,-0.15
33490,43.22B,12,44.6,-0.2
33490,43.22B,12,44.583333,-0.216667
33490,43.22B,12,44.566667,-0.15
33490,43.32A,60,44.583333,-0.25
33490,43.32A,60,44.633333,-0.233333
33490,43.32A,60,44.566667,-0.183333
33490,43.32A,60,44.566667,-0.166667
33490,43.32A,60,44.616667,-0.183333
33490,43.32A,60,44.566667,-0.266667
33490,43.32A,60,44.566667,-0.216667
33490,43.32A,60,"",""
33490,43.32A,60,44.6,-0.15
33490,43.32A,60,44.6,-0.2
33490,43.32A,60,44.583333,-0.216667
33490,43.32A,60,44.566667,-0.15
33490,56.29B,12,44.583333,-0.25
33490,56.29B,12,44.633333,-0.233333
33490,56.29B,12,44.566667,-0.183333
33490,56.29B,12,44.566667,-0.166667
33490,56.29B,12,44.616667,-0.183333
33490,56.29B,12,44.566667,-0.266667
33490,56.29B,12,44.566667,-0.216667
33490,56.29B,12,"",""
33490,56.29B,12,44.6,-0.15
33490,56.29B,12,44.6,-0.2
33490,56.29B,12,44.583333,-0.216667
33490,56.29B,12,44.566667,-0.15
33490,00.10,12,44.583333,-0.25
33490,00.10,12,44.633333,-0.233333
33490,00.10,12,44.566667,-0.183333
33490,00.10,12,44.566667,-0.166667
33490,00.10,12,44.616667,-0.183333
33490,00.10,12,44.566667,-0.266667
33490,00.10,12,44.566667,-0.216667
33490,00.10,12,"",""
33490,00.10,12,44.6,-0.15
33490,00.10,12,44.6,-0.2
33490,00.10,12,44.583333,-0.216667
33490,00.10,12,44.566667,-0.15
33490,59.12,12,44.583333,-0.25
33490,59.12,12,44.633333,-0.233333
33490,59.12,12,44.566667,-0.183333
33490,59.12,12,44.566667,-0.166667
33490,59.12,12,44.616667,-0.183333
33490,59.12,12,44.566667,-0.266667
33490,59.12,12,44.566667,-0.216667
33490,59.12,12,"",""
33490,59.12,12,44.6,-0.15
33490,59.12,12,44.6,-0.2
33490,59.12,12,44.583333,-0.216667
33490,59.12,12,44.566667,-0.15
33490,47.11B,36,44.583333,-0.25
33490,47.11B,36,44.633333,-0.233333
33490,47.11B,36,44.566667,-0.183333
33490,47.11B,36,44.566667,-0.166667
33490,47.11B,36,44.616667,-0.183333
33490,47.11B,36,44.566667,-0.266667
33490,47.11B,36,44.566667,-0.216667
33490,47.11B,36,"",""
33490,47.11B,36,44.6,-0.15
33490,47.11B,36,44.6,-0.2
33490,47.11B,36,44.583333,-0.216667
33490,47.11B,36,44.566667,-0.15
33490,38.32Z,24,44.583333,-0.25
33490,38.32Z,24,44.633333,-0.233333
33490,38.32Z,24,44.566667,-0.183333
33490,38.32Z,24,44.566667,-0.166667
33490,38.32Z,24,44.616667,-0.183333
33490,38.32Z,24,44.566667,-0.266667
33490,38.32Z,24,44.566667,-0.216667
33490,38.32Z,24,"",""
33490,38.32Z,24,44.6,-0.15
33490,38.32Z,24,44.6,-0.2
33490,38.32Z,24,44.583333,-0.216667
33490,38.32Z,24,44.566667,-0.15
33490,63.4A,12,44.583333,-0.25
33490,63.4A,12,44.633333,-0.233333
33490,63.4A,12,44.566667,-0.183333
33490,63.4A,12,44.566667,-0.166667
33490,63.4A,12,44.616667,-0.183333
33490,63.4A,12,44.566667,-0.266667
33490,63.4A,12,44.566667,-0.216667
33490,63.4A,12,"",""
33490,63.4A,12,44.6,-0.15
33490,63.4A,12,44.6,-0.2
33490,63.4A,12,44.583333,-0.216667
33490,63.4A,12,44.566667,-0.15
33490,96.03Z,12,44.583333,-0.25
33490,96.03Z,12,44.633333,-0.233333
33490,96.03Z,12,44.566667,-0.183333
33490,96.03Z,12,44.566667,-0.166667
33490,96.03Z,12,44.616667,-0.183333
33490,96.03Z,12,44.566667,-0.266667
33490,96.03Z,12,44.566667,-0.216667
33490,96.03Z,12,"",""
33490,96.03Z,12,44.6,-0.15
33490,96.03Z,12,44.6,-0.2
33490,96.03Z,12,44.583333,-0.216667
33490,96.03Z,12,44.566667,-0.15
33490,47.11C,12,44.583333,-0.25
33490,47.11C,12,44.633333,-0.233333
33490,47.11C,12,44.566667,-0.183333
33490,47.11C,12,44.566667,-0.166667
33490,47.11C,12,44.616667,-0.183333
33490,47.11C,12,44.566667,-0.266667
33490,47.11C,12,44.566667,-0.216667
33490,47.11C,12,"",""
33490,47.11C,12,44.6,-0.15
33490,47.11C,12,44.6,-0.2
33490,47.11C,12,44.583333,-0.216667
33490,47.11C,12,44.566667,-0.15
33490,45.2L,12,44.583333,-0.25
33490,45.2L,12,44.633333,-0.233333
33490,45.2L,12,44.566667,-0.183333
33490,45.2L,12,44.566667,-0.166667
33490,45.2L,12,44.616667,-0.183333
33490,45.2L,12,44.566667,-0.266667
33490,45.2L,12,44.566667,-0.216667
33490,45.2L,12,"",""
33490,45.2L,12,44.6,-0.15
33490,45.2L,12,44.6,-0.2
33490,45.2L,12,44.583333,-0.216667
33490,45.2L,12,44.566667,-0.15
33490,64.19Z,36,44.583333,-0.25
33490,64.19Z,36,44.633333,-0.233333
33490,64.19Z,36,44.566667,-0.183333
33490,64.19Z,36,44.566667,-0.166667
33490,64.19Z,36,44.616667,-0.183333
33490,64.19Z,36,44.566667,-0.266667
33490,64.19Z,36,44.566667,-0.216667
33490,64.19Z,36,"",""
33490,64.19Z,36,44.6,-0.15
33490,64.19Z,36,44.6,-0.2
33490,64.19Z,36,44.583333,-0.216667
33490,64.19Z,36,44.566667,-0.15
33490,13.92Z,24,44.583333,-0.25
33490,13.92Z,24,44.633333,-0.233333
33490,13.92Z,24,44.566667,-0.183333
33490,13.92Z,24,44.566667,-0.166667
33490,13.92Z,24,44.616667,-0.183333
33490,13.92Z,24,44.566667,-0.266667
33490,13.92Z,24,44.566667,-0.216667
33490,13.92Z,24,"",""
33490,13.92Z,24,44.6,-0.15
33490,13.92Z,24,44.6,-0.2
33490,13.92Z,24,44.583333,-0.216667
33490,13.92Z,24,44.566667,-0.15
33490,02.20Z,36,44.583333,-0.25
33490,02.20Z,36,44.633333,-0.233333
33490,02.20Z,36,44.566667,-0.183333
33490,02.20Z,36,44.566667,-0.166667
33490,02.20Z,36,44.616667,-0.183333
33490,02.20Z,36,44.566667,-0.266667
33490,02.20Z,36,44.566667,-0.216667
33490,02.20Z,36,"",""
33490,02.20Z,36,44.6,-0.15
33490,02.20Z,36,44.6,-0.2
33490,02.20Z,36,44.583333,-0.216667
33490,02.20Z,36,44.566667,-0.15
33490,86.23Z,60,44.583333,-0.25
33490,86.23Z,60,44.633333,-0.233333
33490,86.23Z,60,44.566667,-0.183333
33490,86.23Z,60,44.566667,-0.166667
33490,86.23Z,60,44.616667,-0.183333
33490,86.23Z,60,44.566667,-0.266667
33490,86.23Z,60,44.566667,-0.216667
33490,86.23Z,60,"",""
33490,86.23Z,60,44.6,-0.15
33490,86.23Z,60,44.6,-0.2
33490,86.23Z,60,44.583333,-0.216667
33490,86.23Z,60,44.566667,-0.15
33490,55.4B,12,44.583333,-0.25
33490,55.4B,12,44.633333,-0.233333
33490,55.4B,12,44.566667,-0.183333
33490,55.4B,12,44.566667,-0.166667
33490,55.4B,12,44.616667,-0.183333
33490,55.4B,12,44.566667,-0.266667
33490,55.4B,12,44.566667,-0.216667
33490,55.4B,12,"",""
33490,55.4B,12,44.6,-0.15
33490,55.4B,12,44.6,-0.2
33490,55.4B,12,44.583333,-0.216667
33490,55.4B,12,44.566667,-0.15
33490,03.21Z,12,44.583333,-0.25
33490,03.21Z,12,44.633333,-0.233333
33490,03.21Z,12,44.566667,-0.183333
33490,03.21Z,12,44.566667,-0.166667
33490,03.21Z,12,44.616667,-0.183333
33490,03.21Z,12,44.566667,-0.266667
33490,03.21Z,12,44.566667,-0.216667
33490,03.21Z,12,"",""
33490,03.21Z,12,44.6,-0.15
33490,03.21Z,12,44.6,-0.2
33490,03.21Z,12,44.583333,-0.216667
33490,03.21Z,12,44.566667,-0.15
33490,52.6E,12,44.583333,-0.25
33490,52.6E,12,44.633333,-0.233333
33490,52.6E,12,44.566667,-0.183333
33490,52.6E,12,44.566667,-0.166667
33490,52.6E,12,44.616667,-0.183333
33490,52.6E,12,44.566667,-0.266667
33490,52.6E,12,44.566667,-0.216667
33490,52.6E,12,"",""
33490,52.6E,12,44.6,-0.15
33490,52.6E,12,44.6,-0.2
33490,52.6E,12,44.583333,-0.216667
33490,52.6E,12,44.566667,-0.15
33490,43.33Z,48,44.583333,-0.25
33490,43.33Z,48,44.633333,-0.233333
33490,43.33Z,48,44.566667,-0.183333
33490,43.33Z,48,44.566667,-0.166667
33490,43.33Z,48,44.616667,-0.183333
33490,43.33Z,48,44.566667,-0.266667
33490,43.33Z,48,44.566667,-0.216667
33490,43.33Z,48,"",""
33490,43.33Z,48,44.6,-0.15
33490,43.33Z,48,44.6,-0.2
33490,43.33Z,48,44.583333,-0.216667
33490,43.33Z,48,44.566667,-0.15
33490,74.1J,36,44.583333,-0.25
33490,74.1J,36,44.633333,-0.233333
33490,74.1J,36,44.566667,-0.183333
33490,74.1J,36,44.566667,-0.166667
33490,74.1J,36,44.616667,-0.183333
33490,74.1J,36,44.566667,-0.266667
33490,74.1J,36,44.566667,-0.216667
33490,74.1J,36,"",""
33490,74.1J,36,44.6,-0.15
33490,74.1J,36,44.6,-0.2
33490,74.1J,36,44.583333,-0.216667
33490,74.1J,36,44.566667,-0.15
33490,74.20Z,12,44.583333,-0.25
33490,74.20Z,12,44.633333,-0.233333
33490,74.20Z,12,44.566667,-0.183333
33490,74.20Z,12,44.566667,-0.166667
33490,74.20Z,12,44.616667,-0.183333
33490,74.20Z,12,44.566667,-0.266667
33490,74.20Z,12,44.566667,-0.216667
33490,74.20Z,12,"",""
33490,74.20Z,12,44.6,-0.15
33490,74.20Z,12,44.6,-0.2
33490,74.20Z,12,44.583333,-0.216667
33490,74.20Z,12,44.566667,-0.15
33490,47.22Z,36,44.583333,-0.25
33490,47.22Z,36,44.633333,-0.233333
33490,47.22Z,36,44.566667,-0.183333
33490,47.22Z,36,44.566667,-0.166667
33490,47.22Z,36,44.616667,-0.183333
33490,47.22Z,36,44.566667,-0.266667
33490,47.22Z,36,44.566667,-0.216667
33490,47.22Z,36,"",""
33490,47.22Z,36,44.6,-0.15
33490,47.22Z,36,44.6,-0.2
33490,47.22Z,36,44.583333,-0.216667
33490,47.22Z,36,44.566667,-0.15
33490,64.12,12,44.583333,-0.25
33490,64.12,12,44.633333,-0.233333
33490,64.12,12,44.566667,-0.183333
33490,64.12,12,44.566667,-0.166667
33490,64.12,12,44.616667,-0.183333
33490,64.12,12,44.566667,-0.266667
33490,64.12,12,44.566667,-0.216667
33490,64.12,12,"",""
33490,64.12,12,44.6,-0.15
33490,64.12,12,44.6,-0.2
33490,64.12,12,44.583333,-0.216667
33490,64.12,12,44.566667,-0.15
33490,56.10A,216,44.583333,-0.25
33490,56.10A,216,44.633333,-0.233333
33490,56.10A,216,44.566667,-0.183333
33490,56.10A,216,44.566667,-0.166667
33490,56.10A,216,44.616667,-0.183333
33490,56.10A,216,44.566667,-0.266667
33490,56.10A,216,44.566667,-0.216667
33490,56.10A,216,"",""
33490,56.10A,216,44.6,-0.15
33490,56.10A,216,44.6,-0.2
33490,56.10A,216,44.583333,-0.216667
33490,56.10A,216,44.566667,-0.15
33490,86.90D,144,44.583333,-0.25
33490,86.90D,144,44.633333,-0.233333
33490,86.90D,144,44.566667,-0.183333
33490,86.90D,144,44.566667,-0.166667
33490,86.90D,144,44.616667,-0.183333
33490,86.90D,144,44.566667,-0.266667
33490,86.90D,144,44.566667,-0.216667
33490,86.90D,144,"",""
33490,86.90D,144,44.6,-0.15
33490,86.90D,144,44.6,-0.2
33490,86.90D,144,44.583333,-0.216667
33490,86.90D,144,44.566667,-0.15
33490,96.02A,108,44.583333,-0.25
33490,96.02A,108,44.633333,-0.233333
33490,96.02A,108,44.566667,-0.183333
33490,96.02A,108,44.566667,-0.166667
33490,96.02A,108,44.616667,-0.183333
33490,96.02A,108,44.566667,-0.266667
33490,96.02A,108,44.566667,-0.216667
33490,96.02A,108,"",""
33490,96.02A,108,44.6,-0.15
33490,96.02A,108,44.6,-0.2
33490,96.02A,108,44.583333,-0.216667
33490,96.02A,108,44.566667,-0.15
33490,82.19Z,12,44.583333,-0.25
33490,82.19Z,12,44.633333,-0.233333
33490,82.19Z,12,44.566667,-0.183333
33490,82.19Z,12,44.566667,-0.166667
33490,82.19Z,12,44.616667,-0.183333
33490,82.19Z,12,44.566667,-0.266667
33490,82.19Z,12,44.566667,-0.216667
33490,82.19Z,12,"",""
33490,82.19Z,12,44.6,-0.15
33490,82.19Z,12,44.6,-0.2
33490,82.19Z,12,44.583333,-0.216667
33490,82.19Z,12,44.566667,-0.15
33490,46.19B,48,44.583333,-0.25
33490,46.19B,48,44.633333,-0.233333
33490,46.19B,48,44.566667,-0.183333
33490,46.19B,48,44.566667,-0.166667
33490,46.19B,48,44.616667,-0.183333
33490,46.19B,48,44.566667,-0.266667
33490,46.19B,48,44.566667,-0.216667
33490,46.19B,48,"",""
33490,46.19B,48,44.6,-0.15
33490,46.19B,48,44.6,-0.2
33490,46.19B,48,44.583333,-0.216667
33490,46.19B,48,44.566667,-0.15
33490,47.23Z,60,44.583333,-0.25
33490,47.23Z,60,44.633333,-0.233333
33490,47.23Z,60,44.566667,-0.183333
33490,47.23Z,60,44.566667,-0.166667
33490,47.23Z,60,44.616667,-0.183333
33490,47.23Z,60,44.566667,-0.266667
33490,47.23Z,60,44.566667,-0.216667
33490,47.23Z,60,"",""
33490,47.23Z,60,44.6,-0.15
33490,47.23Z,60,44.6,-0.2
33490,47.23Z,60,44.583333,-0.216667
33490,47.23Z,60,44.566667,-0.15
33490,55.3B,12,44.583333,-0.25
33490,55.3B,12,44.633333,-0.233333
33490,55.3B,12,44.566667,-0.183333
33490,55.3B,12,44.566667,-0.166667
33490,55.3B,12,44.616667,-0.183333
33490,55.3B,12,44.566667,-0.266667
33490,55.3B,12,44.566667,-0.216667
33490,55.3B,12,"",""
33490,55.3B,12,44.6,-0.15
33490,55.3B,12,44.6,-0.2
33490,55.3B,12,44.583333,-0.216667
33490,55.3B,12,44.566667,-0.15
33490,31.09B,12,44.583333,-0.25
33490,31.09B,12,44.633333,-0.233333
33490,31.09B,12,44.566667,-0.183333
33490,31.09B,12,44.566667,-0.166667
33490,31.09B,12,44.616667,-0.183333
33490,31.09B,12,44.566667,-0.266667
33490,31.09B,12,44.566667,-0.216667
33490,31.09B,12,"",""
33490,31.09B,12,44.6,-0.15
33490,31.09B,12,44.6,-0.2
33490,31.09B,12,44.583333,-0.216667
33490,31.09B,12,44.566667,-0.15
33490,46.69B,12,44.583333,-0.25
33490,46.69B,12,44.633333,-0.233333
33490,46.69B,12,44.566667,-0.183333
33490,46.69B,12,44.566667,-0.166667
33490,46.69B,12,44.616667,-0.183333
33490,46.69B,12,44.566667,-0.266667
33490,46.69B,12,44.566667,-0.216667
33490,46.69B,12,"",""
33490,46.69B,12,44.6,-0.15
33490,46.69B,12,44.6,-0.2
33490,46.69B,12,44.583333,-0.216667
33490,46.69B,12,44.566667,-0.15
33490,70.1C,60,44.583333,-0.25
33490,70.1C,60,44.633333,-0.233333
33490,70.1C,60,44.566667,-0.183333
33490,70.1C,60,44.566667,-0.166667
33490,70.1C,60,44.616667,-0.183333
33490,70.1C,60,44.566667,-0.266667
33490,70.1C,60,44.566667,-0.216667
33490,70.1C,60,"",""
33490,70.1C,60,44.6,-0.15
33490,70.1C,60,44.6,-0.2
33490,70.1C,60,44.583333,-0.216667
33490,70.1C,60,44.566667,-0.15
33490,52.4E,36,44.583333,-0.25
33490,52.4E,36,44.633333,-0.233333
33490,52.4E,36,44.566667,-0.183333
33490,52.4E,36,44.566667,-0.166667
33490,52.4E,36,44.616667,-0.183333
33490,52.4E,36,44.566667,-0.266667
33490,52.4E,36,44.566667,-0.216667
33490,52.4E,36,"",""
33490,52.4E,36,44.6,-0.15
33490,52.4E,36,44.6,-0.2
33490,52.4E,36,44.583333,-0.216667
33490,52.4E,36,44.566667,-0.15
33490,01.00,24,44.583333,-0.25
33490,01.00,24,44.633333,-0.233333
33490,01.00,24,44.566667,-0.183333
33490,01.00,24,44.566667,-0.166667
33490,01.00,24,44.616667,-0.183333
33490,01.00,24,44.566667,-0.266667
33490,01.00,24,44.566667,-0.216667
33490,01.00,24,"",""
33490,01.00,24,44.6,-0.15
33490,01.00,24,44.6,-0.2
33490,01.00,24,44.583333,-0.216667
33490,01.00,24,44.566667,-0.15
33490,94.12Z,24,44.583333,-0.25
33490,94.12Z,24,44.633333,-0.233333
33490,94.12Z,24,44.566667,-0.183333
33490,94.12Z,24,44.566667,-0.166667
33490,94.12Z,24,44.616667,-0.183333
33490,94.12Z,24,44.566667,-0.266667
33490,94.12Z,24,44.566667,-0.216667
33490,94.12Z,24,"",""
33490,94.12Z,24,44.6,-0.15
33490,94.12Z,24,44.6,-0.2
33490,94.12Z,24,44.583333,-0.216667
33490,94.12Z,24,44.566667,-0.15
33490,55.30Z,24,44.583333,-0.25
33490,55.30Z,24,44.633333,-0.233333
33490,55.30Z,24,44.566667,-0.183333
33490,55.30Z,24,44.566667,-0.166667
33490,55.30Z,24,44.616667,-0.183333
33490,55.30Z,24,44.566667,-0.266667
33490,55.30Z,24,44.566667,-0.216667
33490,55.30Z,24,"",""
33490,55.30Z,24,44.6,-0.15
33490,55.30Z,24,44.6,-0.2
33490,55.30Z,24,44.583333,-0.216667
33490,55.30Z,24,44.566667,-0.15
33490,94.99Z,156,44.583333,-0.25
33490,94.99Z,156,44.633333,-0.233333
33490,94.99Z,156,44.566667,-0.183333
33490,94.99Z,156,44.566667,-0.166667
33490,94.99Z,156,44.616667,-0.183333
33490,94.99Z,156,44.566667,-0.266667
33490,94.99Z,156,44.566667,-0.216667
33490,94.99Z,156,"",""
33490,94.99Z,156,44.6,-0.15
33490,94.99Z,156,44.6,-0.2
33490,94.99Z,156,44.583333,-0.216667
33490,94.99Z,156,44.566667,-0.15
33490,67.2Z,24,44.583333,-0.25
33490,67.2Z,24,44.633333,-0.233333
33490,67.2Z,24,44.566667,-0.183333
33490,67.2Z,24,44.566667,-0.166667
33490,67.2Z,24,44.616667,-0.183333
33490,67.2Z,24,44.566667,-0.266667
33490,67.2Z,24,44.566667,-0.216667
33490,67.2Z,24,"",""
33490,67.2Z,24,44.6,-0.15
33490,67.2Z,24,44.6,-0.2
33490,67.2Z,24,44.583333,-0.216667
33490,67.2Z,24,44.566667,-0.15
33490,47.76Z,60,44.583333,-0.25
33490,47.76Z,60,44.633333,-0.233333
33490,47.76Z,60,44.566667,-0.183333
33490,47.76Z,60,44.566667,-0.166667
33490,47.76Z,60,44.616667,-0.183333
33490,47.76Z,60,44.566667,-0.266667
33490,47.76Z,60,44.566667,-0.216667
33490,47.76Z,60,"",""
33490,47.76Z,60,44.6,-0.15
33490,47.76Z,60,44.6,-0.2
33490,47.76Z,60,44.583333,-0.216667
33490,47.76Z,60,44.566667,-0.15
33490,70.10Z,24,44.583333,-0.25
33490,70.10Z,24,44.633333,-0.233333
33490,70.10Z,24,44.566667,-0.183333
33490,70.10Z,24,44.566667,-0.166667
33490,70.10Z,24,44.616667,-0.183333
33490,70.10Z,24,44.566667,-0.266667
33490,70.10Z,24,44.566667,-0.216667
33490,70.10Z,24,"",""
33490,70.10Z,24,44.6,-0.15
33490,70.10Z,24,44.6,-0.2
33490,70.10Z,24,44.583333,-0.216667
33490,70.10Z,24,44.566667,-0.15
33490,02.20,12,44.583333,-0.25
33490,02.20,12,44.633333,-0.233333
33490,02.20,12,44.566667,-0.183333
33490,02.20,12,44.566667,-0.166667
33490,02.20,12,44.616667,-0.183333
33490,02.20,12,44.566667,-0.266667
33490,02.20,12,44.566667,-0.216667
33490,02.20,12,"",""
33490,02.20,12,44.6,-0.15
33490,02.20,12,44.6,-0.2
33490,02.20,12,44.583333,-0.216667
33490,02.20,12,44.566667,-0.15
33490,79.90Z,12,44.583333,-0.25
33490,79.90Z,12,44.633333,-0.233333
33490,79.90Z,12,44.566667,-0.183333
33490,79.90Z,12,44.566667,-0.166667
33490,79.90Z,12,44.616667,-0.183333
33490,79.90Z,12,44.566667,-0.266667
33490,79.90Z,12,44.566667,-0.216667
33490,79.90Z,12,"",""
33490,79.90Z,12,44.6,-0.15
33490,79.90Z,12,44.6,-0.2
33490,79.90Z,12,44.583333,-0.216667
33490,79.90Z,12,44.566667,-0.15
33490,47.21Z,24,44.583333,-0.25
33490,47.21Z,24,44.633333,-0.233333
33490,47.21Z,24,44.566667,-0.183333
33490,47.21Z,24,44.566667,-0.166667
33490,47.21Z,24,44.616667,-0.183333
33490,47.21Z,24,44.566667,-0.266667
33490,47.21Z,24,44.566667,-0.216667
33490,47.21Z,24,"",""
33490,47.21Z,24,44.6,-0.15
33490,47.21Z,24,44.6,-0.2
33490,47.21Z,24,44.583333,-0.216667
33490,47.21Z,24,44.566667,-0.15
33490,47.59A,12,44.583333,-0.25
33490,47.59A,12,44.633333,-0.233333
33490,47.59A,12,44.566667,-0.183333
33490,47.59A,12,44.566667,-0.166667
33490,47.59A,12,44.616667,-0.183333
33490,47.59A,12,44.566667,-0.266667
33490,47.59A,12,44.566667,-0.216667
33490,47.59A,12,"",""
33490,47.59A,12,44.6,-0.15
33490,47.59A,12,44.6,-0.2
33490,47.59A,12,44.583333,-0.216667
33490,47.59A,12,44.566667,-0.15
33490,36.1K,12,44.583333,-0.25
33490,36.1K,12,44.633333,-0.233333
33490,36.1K,12,44.566667,-0.183333
33490,36.1K,12,44.566667,-0.166667
33490,36.1K,12,44.616667,-0.183333
33490,36.1K,12,44.566667,-0.266667
33490,36.1K,12,44.566667,-0.216667
33490,36.1K,12,"",""
33490,36.1K,12,44.6,-0.15
33490,36.1K,12,44.6,-0.2
33490,36.1K,12,44.583333,-0.216667
33490,36.1K,12,44.566667,-0.15
33490,79.06,12,44.583333,-0.25
33490,79.06,12,44.633333,-0.233333
33490,79.06,12,44.566667,-0.183333
33490,79.06,12,44.566667,-0.166667
33490,79.06,12,44.616667,-0.183333
33490,79.06,12,44.566667,-0.266667
33490,79.06,12,44.566667,-0.216667
33490,79.06,12,"",""
33490,79.06,12,44.6,-0.15
33490,79.06,12,44.6,-0.2
33490,79.06,12,44.583333,-0.216667
33490,79.06,12,44.566667,-0.15
33490,15.12Z,12,44.583333,-0.25
33490,15.12Z,12,44.633333,-0.233333
33490,15.12Z,12,44.566667,-0.183333
33490,15.12Z,12,44.566667,-0.166667
33490,15.12Z,12,44.616667,-0.183333
33490,15.12Z,12,44.566667,-0.266667
33490,15.12Z,12,44.566667,-0.216667
33490,15.12Z,12,"",""
33490,15.12Z,12,44.6,-0.15
33490,15.12Z,12,44.6,-0.2
33490,15.12Z,12,44.583333,-0.216667
33490,15.12Z,12,44.566667,-0.15
33490,51.3S,24,44.583333,-0.25
33490,51.3S,24,44.633333,-0.233333
33490,51.3S,24,44.566667,-0.183333
33490,51.3S,24,44.566667,-0.166667
33490,51.3S,24,44.616667,-0.183333
33490,51.3S,24,44.566667,-0.266667
33490,51.3S,24,44.566667,-0.216667
33490,51.3S,24,"",""
33490,51.3S,24,44.6,-0.15
33490,51.3S,24,44.6,-0.2
33490,51.3S,24,44.583333,-0.216667
33490,51.3S,24,44.566667,-0.15
33490,23.70Z,12,44.583333,-0.25
33490,23.70Z,12,44.633333,-0.233333
33490,23.70Z,12,44.566667,-0.183333
33490,23.70Z,12,44.566667,-0.166667
33490,23.70Z,12,44.616667,-0.183333
33490,23.70Z,12,44.566667,-0.266667
33490,23.70Z,12,44.566667,-0.216667
33490,23.70Z,12,"",""
33490,23.70Z,12,44.6,-0.15
33490,23.70Z,12,44.6,-0.2
33490,23.70Z,12,44.583333,-0.216667
33490,23.70Z,12,44.566667,-0.15
33490,67.01,12,44.583333,-0.25
33490,67.01,12,44.633333,-0.233333
33490,67.01,12,44.566667,-0.183333
33490,67.01,12,44.566667,-0.166667
33490,67.01,12,44.616667,-0.183333
33490,67.01,12,44.566667,-0.266667
33490,67.01,12,44.566667,-0.216667
33490,67.01,12,"",""
33490,67.01,12,44.6,-0.15
33490,67.01,12,44.6,-0.2
33490,67.01,12,44.583333,-0.216667
33490,67.01,12,44.566667,-0.15
33490,52.2J,12,44.583333,-0.25
33490,52.2J,12,44.633333,-0.233333
33490,52.2J,12,44.566667,-0.183333
33490,52.2J,12,44.566667,-0.166667
33490,52.2J,12,44.616667,-0.183333
33490,52.2J,12,44.566667,-0.266667
33490,52.2J,12,44.566667,-0.216667
33490,52.2J,12,"",""
33490,52.2J,12,44.6,-0.15
33490,52.2J,12,44.6,-0.2
33490,52.2J,12,44.583333,-0.216667
33490,52.2J,12,44.566667,-0.15
33490,02.0B,36,44.583333,-0.25
33490,02.0B,36,44.633333,-0.233333
33490,02.0B,36,44.566667,-0.183333
33490,02.0B,36,44.566667,-0.166667
33490,02.0B,36,44.616667,-0.183333
33490,02.0B,36,44.566667,-0.266667
33490,02.0B,36,44.566667,-0.216667
33490,02.0B,36,"",""
33490,02.0B,36,44.6,-0.15
33490,02.0B,36,44.6,-0.2
33490,02.0B,36,44.583333,-0.216667
33490,02.0B,36,44.566667,-0.15
33490,47.78C,96,44.583333,-0.25
33490,47.78C,96,44.633333,-0.233333
33490,47.78C,96,44.566667,-0.183333
33490,47.78C,96,44.566667,-0.166667
33490,47.78C,96,44.616667,-0.183333
33490,47.78C,96,44.566667,-0.266667
33490,47.78C,96,44.566667,-0.216667
33490,47.78C,96,"",""
33490,47.78C,96,44.6,-0.15
33490,47.78C,96,44.6,-0.2
33490,47.78C,96,44.583333,-0.216667
33490,47.78C,96,44.566667,-0.15
33490,71.4B,24,44.583333,-0.25
33490,71.4B,24,44.633333,-0.233333
33490,71.4B,24,44.566667,-0.183333
33490,71.4B,24,44.566667,-0.166667
33490,71.4B,24,44.616667,-0.183333
33490,71.4B,24,44.566667,-0.266667
33490,71.4B,24,44.566667,-0.216667
33490,71.4B,24,"",""
33490,71.4B,24,44.6,-0.15
33490,71.4B,24,44.6,-0.2
33490,71.4B,24,44.583333,-0.216667
33490,71.4B,24,44.566667,-0.15
33490,74.8A,12,44.583333,-0.25
33490,74.8A,12,44.633333,-0.233333
33490,74.8A,12,44.566667,-0.183333
33490,74.8A,12,44.566667,-0.166667
33490,74.8A,12,44.616667,-0.183333
33490,74.8A,12,44.566667,-0.266667
33490,74.8A,12,44.566667,-0.216667
33490,74.8A,12,"",""
33490,74.8A,12,44.6,-0.15
33490,74.8A,12,44.6,-0.2
33490,74.8A,12,44.583333,-0.216667
33490,74.8A,12,44.566667,-0.15
33490,01.1G,12,44.583333,-0.25
33490,01.1G,12,44.633333,-0.233333
33490,01.1G,12,44.566667,-0.183333
33490,01.1G,12,44.566667,-0.166667
33490,01.1G,12,44.616667,-0.183333
33490,01.1G,12,44.566667,-0.266667
33490,01.1G,12,44.566667,-0.216667
33490,01.1G,12,"",""
33490,01.1G,12,44.6,-0.15
33490,01.1G,12,44.6,-0.2
33490,01.1G,12,44.583333,-0.216667
33490,01.1G,12,44.566667,-0.15
33490,69.23,12,44.583333,-0.25
33490,69.23,12,44.633333,-0.233333
33490,69.23,12,44.566667,-0.183333
33490,69.23,12,44.566667,-0.166667
33490,69.23,12,44.616667,-0.183333
33490,69.23,12,44.566667,-0.266667
33490,69.23,12,44.566667,-0.216667
33490,69.23,12,"",""
33490,69.23,12,44.6,-0.15
33490,69.23,12,44.6,-0.2
33490,69.23,12,44.583333,-0.216667
33490,69.23,12,44.566667,-0.15
33490,47.78A,36,44.583333,-0.25
33490,47.78A,36,44.633333,-0.233333
33490,47.78A,36,44.566667,-0.183333
33490,47.78A,36,44.566667,-0.166667
33490,47.78A,36,44.616667,-0.183333
33490,47.78A,36,44.566667,-0.266667
33490,47.78A,36,44.566667,-0.216667
33490,47.78A,36,"",""
33490,47.78A,36,44.6,-0.15
33490,47.78A,36,44.6,-0.2
33490,47.78A,36,44.583333,-0.216667
33490,47.78A,36,44.566667,-0.15
33490,46.21Z,24,44.583333,-0.25
33490,46.21Z,24,44.633333,-0.233333
33490,46.21Z,24,44.566667,-0.183333
33490,46.21Z,24,44.566667,-0.166667
33490,46.21Z,24,44.616667,-0.183333
33490,46.21Z,24,44.566667,-0.266667
33490,46.21Z,24,44.566667,-0.216667
33490,46.21Z,24,"",""
33490,46.21Z,24,44.6,-0.15
33490,46.21Z,24,44.6,-0.2
33490,46.21Z,24,44.583333,-0.216667
33490,46.21Z,24,44.566667,-0.15
33490,62.43,24,44.583333,-0.25
33490,62.43,24,44.633333,-0.233333
33490,62.43,24,44.566667,-0.183333
33490,62.43,24,44.566667,-0.166667
33490,62.43,24,44.616667,-0.183333
33490,62.43,24,44.566667,-0.266667
33490,62.43,24,44.566667,-0.216667
33490,62.43,24,"",""
33490,62.43,24,44.6,-0.15
33490,62.43,24,44.6,-0.2
33490,62.43,24,44.583333,-0.216667
33490,62.43,24,44.566667,-0.15
33490,62.01Z,24,44.583333,-0.25
33490,62.01Z,24,44.633333,-0.233333
33490,62.01Z,24,44.566667,-0.183333
33490,62.01Z,24,44.566667,-0.166667
33490,62.01Z,24,44.616667,-0.183333
33490,62.01Z,24,44.566667,-0.266667
33490,62.01Z,24,44.566667,-0.216667
33490,62.01Z,24,"",""
33490,62.01Z,24,44.6,-0.15
33490,62.01Z,24,44.6,-0.2
33490,62.01Z,24,44.583333,-0.216667
33490,62.01Z,24,44.566667,-0.15
33490,55.71,24,44.583333,-0.25
33490,55.71,24,44.633333,-0.233333
33490,55.71,24,44.566667,-0.183333
33490,55.71,24,44.566667,-0.166667
33490,55.71,24,44.616667,-0.183333
33490,55.71,24,44.566667,-0.266667
33490,55.71,24,44.566667,-0.216667
33490,55.71,24,"",""
33490,55.71,24,44.6,-0.15
33490,55.71,24,44.6,-0.2
33490,55.71,24,44.583333,-0.216667
33490,55.71,24,44.566667,-0.15
33490,42.99Z,168,44.583333,-0.25
33490,42.99Z,168,44.633333,-0.233333
33490,42.99Z,168,44.566667,-0.183333
33490,42.99Z,168,44.566667,-0.166667
33490,42.99Z,168,44.616667,-0.183333
33490,42.99Z,168,44.566667,-0.266667
33490,42.99Z,168,44.566667,-0.216667
33490,42.99Z,168,"",""
33490,42.99Z,168,44.6,-0.15
33490,42.99Z,168,44.6,-0.2
33490,42.99Z,168,44.583333,-0.216667
33490,42.99Z,168,44.566667,-0.15
33490,43.29A,12,44.583333,-0.25
33490,43.29A,12,44.633333,-0.233333
33490,43.29A,12,44.566667,-0.183333
33490,43.29A,12,44.566667,-0.166667
33490,43.29A,12,44.616667,-0.183333
33490,43.29A,12,44.566667,-0.266667
33490,43.29A,12,44.566667,-0.216667
33490,43.29A,12,"",""
33490,43.29A,12,44.6,-0.15
33490,43.29A,12,44.6,-0.2
33490,43.29A,12,44.583333,-0.216667
33490,43.29A,12,44.566667,-0.15
33490,10.71B,12,44.583333,-0.25
33490,10.71B,12,44.633333,-0.233333
33490,10.71B,12,44.566667,-0.183333
33490,10.71B,12,44.566667,-0.166667
33490,10.71B,12,44.616667,-0.183333
33490,10.71B,12,44.566667,-0.266667
33490,10.71B,12,44.566667,-0.216667
33490,10.71B,12,"",""
33490,10.71B,12,44.6,-0.15
33490,10.71B,12,44.6,-0.2
33490,10.71B,12,44.583333,-0.216667
33490,10.71B,12,44.566667,-0.15
33490,84.12Z,36,44.583333,-0.25
33490,84.12Z,36,44.633333,-0.233333
33490,84.12Z,36,44.566667,-0.183333
33490,84.12Z,36,44.566667,-0.166667
33490,84.12Z,36,44.616667,-0.183333
33490,84.12Z,36,44.566667,-0.266667
33490,84.12Z,36,44.566667,-0.216667
33490,84.12Z,36,"",""
33490,84.12Z,36,44.6,-0.15
33490,84.12Z,36,44.6,-0.2
33490,84.12Z,36,44.583333,-0.216667
33490,84.12Z,36,44.566667,-0.15
33490,29.20Z,12,44.583333,-0.25
33490,29.20Z,12,44.633333,-0.233333
33490,29.20Z,12,44.566667,-0.183333
33490,29.20Z,12,44.566667,-0.166667
33490,29.20Z,12,44.616667,-0.183333
33490,29.20Z,12,44.566667,-0.266667
33490,29.20Z,12,44.566667,-0.216667
33490,29.20Z,12,"",""
33490,29.20Z,12,44.6,-0.15
33490,29.20Z,12,44.6,-0.2
33490,29.20Z,12,44.583333,-0.216667
33490,29.20Z,12,44.566667,-0.15
33490,01.45Z,12,44.583333,-0.25
33490,01.45Z,12,44.633333,-0.233333
33490,01.45Z,12,44.566667,-0.183333
33490,01.45Z,12,44.566667,-0.166667
33490,01.45Z,12,44.616667,-0.183333
33490,01.45Z,12,44.566667,-0.266667
33490,01.45Z,12,44.566667,-0.216667
33490,01.45Z,12,"",""
33490,01.45Z,12,44.6,-0.15
33490,01.45Z,12,44.6,-0.2
33490,01.45Z,12,44.583333,-0.216667
33490,01.45Z,12,44.566667,-0.15
33490,01.1C,12,44.583333,-0.25
33490,01.1C,12,44.633333,-0.233333
33490,01.1C,12,44.566667,-0.183333
33490,01.1C,12,44.566667,-0.166667
33490,01.1C,12,44.616667,-0.183333
33490,01.1C,12,44.566667,-0.266667
33490,01.1C,12,44.566667,-0.216667
33490,01.1C,12,"",""
33490,01.1C,12,44.6,-0.15
33490,01.1C,12,44.6,-0.2
33490,01.1C,12,44.583333,-0.216667
33490,01.1C,12,44.566667,-0.15
33490,91.3E,24,44.583333,-0.25
33490,91.3E,24,44.633333,-0.233333
33490,91.3E,24,44.566667,-0.183333
33490,91.3E,24,44.566667,-0.166667
33490,91.3E,24,44.616667,-0.183333
33490,91.3E,24,44.566667,-0.266667
33490,91.3E,24,44.566667,-0.216667
33490,91.3E,24,"",""
33490,91.3E,24,44.6,-0.15
33490,91.3E,24,44.6,-0.2
33490,91.3E,24,44.583333,-0.216667
33490,91.3E,24,44.566667,-0.15
33490,43.31Z,36,44.583333,-0.25
33490,43.31Z,36,44.633333,-0.233333
33490,43.31Z,36,44.566667,-0.183333
33490,43.31Z,36,44.566667,-0.166667
33490,43.31Z,36,44.616667,-0.183333
33490,43.31Z,36,44.566667,-0.266667
33490,43.31Z,36,44.566667,-0.216667
33490,43.31Z,36,"",""
33490,43.31Z,36,44.6,-0.15
33490,43.31Z,36,44.6,-0.2
33490,43.31Z,36,44.583333,-0.216667
33490,43.31Z,36,44.566667,-0.15
33490,47.26Z,12,44.583333,-0.25
33490,47.26Z,12,44.633333,-0.233333
33490,47.26Z,12,44.566667,-0.183333
33490,47.26Z,12,44.566667,-0.166667
33490,47.26Z,12,44.616667,-0.183333
33490,47.26Z,12,44.566667,-0.266667
33490,47.26Z,12,44.566667,-0.216667
33490,47.26Z,12,"",""
33490,47.26Z,12,44.6,-0.15
33490,47.26Z,12,44.6,-0.2
33490,47.26Z,12,44.583333,-0.216667
33490,47.26Z,12,44.566667,-0.15
33490,85.53Z,12,44.583333,-0.25
33490,85.53Z,12,44.633333,-0.233333
33490,85.53Z,12,44.566667,-0.183333
33490,85.53Z,12,44.566667,-0.166667
33490,85.53Z,12,44.616667,-0.183333
33490,85.53Z,12,44.566667,-0.266667
33490,85.53Z,12,44.566667,-0.216667
33490,85.53Z,12,"",""
33490,85.53Z,12,44.6,-0.15
33490,85.53Z,12,44.6,-0.2
33490,85.53Z,12,44.583333,-0.216667
33490,85.53Z,12,44.566667,-0.15
33490,47.62Z,12,44.583333,-0.25
33490,47.62Z,12,44.633333,-0.233333
33490,47.62Z,12,44.566667,-0.183333
33490,47.62Z,12,44.566667,-0.166667
33490,47.62Z,12,44.616667,-0.183333
33490,47.62Z,12,44.566667,-0.266667
33490,47.62Z,12,44.566667,-0.216667
33490,47.62Z,12,"",""
33490,47.62Z,12,44.6,-0.15
33490,47.62Z,12,44.6,-0.2
33490,47.62Z,12,44.583333,-0.216667
33490,47.62Z,12,44.566667,-0.15
33490,45.4C,24,44.583333,-0.25
33490,45.4C,24,44.633333,-0.233333
33490,45.4C,24,44.566667,-0.183333
33490,45.4C,24,44.566667,-0.166667
33490,45.4C,24,44.616667,-0.183333
33490,45.4C,24,44.566667,-0.266667
33490,45.4C,24,44.566667,-0.216667
33490,45.4C,24,"",""
33490,45.4C,24,44.6,-0.15
33490,45.4C,24,44.6,-0.2
33490,45.4C,24,44.583333,-0.216667
33490,45.4C,24,44.566667,-0.15
33490,03.12Z,24,44.583333,-0.25
33490,03.12Z,24,44.633333,-0.233333
33490,03.12Z,24,44.566667,-0.183333
33490,03.12Z,24,44.566667,-0.166667
33490,03.12Z,24,44.616667,-0.183333
33490,03.12Z,24,44.566667,-0.266667
33490,03.12Z,24,44.566667,-0.216667
33490,03.12Z,24,"",""
33490,03.12Z,24,44.6,-0.15
33490,03.12Z,24,44.6,-0.2
33490,03.12Z,24,44.583333,-0.216667
33490,03.12Z,24,44.566667,-0.15
33490,70.2C,72,44.583333,-0.25
33490,70.2C,72,44.633333,-0.233333
33490,70.2C,72,44.566667,-0.183333
33490,70.2C,72,44.566667,-0.166667
33490,70.2C,72,44.616667,-0.183333
33490,70.2C,72,44.566667,-0.266667
33490,70.2C,72,44.566667,-0.216667
33490,70.2C,72,"",""
33490,70.2C,72,44.6,-0.15
33490,70.2C,72,44.6,-0.2
33490,70.2C,72,44.583333,-0.216667
33490,70.2C,72,44.566667,-0.15
33490,11.05Z,12,44.583333,-0.25
33490,11.05Z,12,44.633333,-0.233333
33490,11.05Z,12,44.566667,-0.183333
33490,11.05Z,12,44.566667,-0.166667
33490,11.05Z,12,44.616667,-0.183333
33490,11.05Z,12,44.566667,-0.266667
33490,11.05Z,12,44.566667,-0.216667
33490,11.05Z,12,"",""
33490,11.05Z,12,44.6,-0.15
33490,11.05Z,12,44.6,-0.2
33490,11.05Z,12,44.583333,-0.216667
33490,11.05Z,12,44.566667,-0.15
33490,02.40Z,12,44.583333,-0.25
33490,02.40Z,12,44.633333,-0.233333
33490,02.40Z,12,44.566667,-0.183333
33490,02.40Z,12,44.566667,-0.166667
33490,02.40Z,12,44.616667,-0.183333
33490,02.40Z,12,44.566667,-0.266667
33490,02.40Z,12,44.566667,-0.216667
33490,02.40Z,12,"",""
33490,02.40Z,12,44.6,-0.15
33490,02.40Z,12,44.6,-0.2
33490,02.40Z,12,44.583333,-0.216667
33490,02.40Z,12,44.566667,-0.15
33490,47.71Z,84,44.583333,-0.25
33490,47.71Z,84,44.633333,-0.233333
33490,47.71Z,84,44.566667,-0.183333
33490,47.71Z,84,44.566667,-0.166667
33490,47.71Z,84,44.616667,-0.183333
33490,47.71Z,84,44.566667,-0.266667
33490,47.71Z,84,44.566667,-0.216667
33490,47.71Z,84,"",""
33490,47.71Z,84,44.6,-0.15
33490,47.71Z,84,44.6,-0.2
33490,47.71Z,84,44.583333,-0.216667
33490,47.71Z,84,44.566667,-0.15
33490,90.03A,120,44.583333,-0.25
33490,90.03A,120,44.633333,-0.233333
33490,90.03A,120,44.566667,-0.183333
33490,90.03A,120,44.566667,-0.166667
33490,90.03A,120,44.616667,-0.183333
33490,90.03A,120,44.566667,-0.266667
33490,90.03A,120,44.566667,-0.216667
33490,90.03A,120,"",""
33490,90.03A,120,44.6,-0.15
33490,90.03A,120,44.6,-0.2
33490,90.03A,120,44.583333,-0.216667
33490,90.03A,120,44.566667,-0.15
33490,45.1A,24,44.583333,-0.25
33490,45.1A,24,44.633333,-0.233333
33490,45.1A,24,44.566667,-0.183333
33490,45.1A,24,44.566667,-0.166667
33490,45.1A,24,44.616667,-0.183333
33490,45.1A,24,44.566667,-0.266667
33490,45.1A,24,44.566667,-0.216667
33490,45.1A,24,"",""
33490,45.1A,24,44.6,-0.15
33490,45.1A,24,44.6,-0.2
33490,45.1A,24,44.583333,-0.216667
33490,45.1A,24,44.566667,-0.15
33490,96.02B,36,44.583333,-0.25
33490,96.02B,36,44.633333,-0.233333
33490,96.02B,36,44.566667,-0.183333
33490,96.02B,36,44.566667,-0.166667
33490,96.02B,36,44.616667,-0.183333
33490,96.02B,36,44.566667,-0.266667
33490,96.02B,36,44.566667,-0.216667
33490,96.02B,36,"",""
33490,96.02B,36,44.6,-0.15
33490,96.02B,36,44.6,-0.2
33490,96.02B,36,44.583333,-0.216667
33490,96.02B,36,44.566667,-0.15
33490,86.21Z,120,44.583333,-0.25
33490,86.21Z,120,44.633333,-0.233333
33490,86.21Z,120,44.566667,-0.183333
33490,86.21Z,120,44.566667,-0.166667
33490,86.21Z,120,44.616667,-0.183333
33490,86.21Z,120,44.566667,-0.266667
33490,86.21Z,120,44.566667,-0.216667
33490,86.21Z,120,"",""
33490,86.21Z,120,44.6,-0.15
33490,86.21Z,120,44.6,-0.2
33490,86.21Z,120,44.583333,-0.216667
33490,86.21Z,120,44.566667,-0.15
33490,85.52Z,48,44.583333,-0.25
33490,85.52Z,48,44.633333,-0.233333
33490,85.52Z,48,44.566667,-0.183333
33490,85.52Z,48,44.566667,-0.166667
33490,85.52Z,48,44.616667,-0.183333
33490,85.52Z,48,44.566667,-0.266667
33490,85.52Z,48,44.566667,-0.216667
33490,85.52Z,48,"",""
33490,85.52Z,48,44.6,-0.15
33490,85.52Z,48,44.6,-0.2
33490,85.52Z,48,44.583333,-0.216667
33490,85.52Z,48,44.566667,-0.15
33490,64.48,12,44.583333,-0.25
33490,64.48,12,44.633333,-0.233333
33490,64.48,12,44.566667,-0.183333
33490,64.48,12,44.566667,-0.166667
33490,64.48,12,44.616667,-0.183333
33490,64.48,12,44.566667,-0.266667
33490,64.48,12,44.566667,-0.216667
33490,64.48,12,"",""
33490,64.48,12,44.6,-0.15
33490,64.48,12,44.6,-0.2
33490,64.48,12,44.583333,-0.216667
33490,64.48,12,44.566667,-0.15
33490,45.23,12,44.583333,-0.25
33490,45.23,12,44.633333,-0.233333
33490,45.23,12,44.566667,-0.183333
33490,45.23,12,44.566667,-0.166667
33490,45.23,12,44.616667,-0.183333
33490,45.23,12,44.566667,-0.266667
33490,45.23,12,44.566667,-0.216667
33490,45.23,12,"",""
33490,45.23,12,44.6,-0.15
33490,45.23,12,44.6,-0.2
33490,45.23,12,44.583333,-0.216667
33490,45.23,12,44.566667,-0.15
33490,71.11Z,12,44.583333,-0.25
33490,71.11Z,12,44.633333,-0.233333
33490,71.11Z,12,44.566667,-0.183333
33490,71.11Z,12,44.566667,-0.166667
33490,71.11Z,12,44.616667,-0.183333
33490,71.11Z,12,44.566667,-0.266667
33490,71.11Z,12,44.566667,-0.216667
33490,71.11Z,12,"",""
33490,71.11Z,12,44.6,-0.15
33490,71.11Z,12,44.6,-0.2
33490,71.11Z,12,44.583333,-0.216667
33490,71.11Z,12,44.566667,-0.15
33490,52.2C,24,44.583333,-0.25
33490,52.2C,24,44.633333,-0.233333
33490,52.2C,24,44.566667,-0.183333
33490,52.2C,24,44.566667,-0.166667
33490,52.2C,24,44.616667,-0.183333
33490,52.2C,24,44.566667,-0.266667
33490,52.2C,24,44.566667,-0.216667
33490,52.2C,24,"",""
33490,52.2C,24,44.6,-0.15
33490,52.2C,24,44.6,-0.2
33490,52.2C,24,44.583333,-0.216667
33490,52.2C,24,44.566667,-0.15
33490,47.73Z,24,44.583333,-0.25
33490,47.73Z,24,44.633333,-0.233333
33490,47.73Z,24,44.566667,-0.183333
33490,47.73Z,24,44.566667,-0.166667
33490,47.73Z,24,44.616667,-0.183333
33490,47.73Z,24,44.566667,-0.266667
33490,47.73Z,24,44.566667,-0.216667
33490,47.73Z,24,"",""
33490,47.73Z,24,44.6,-0.15
33490,47.73Z,24,44.6,-0.2
33490,47.73Z,24,44.583333,-0.216667
33490,47.73Z,24,44.566667,-0.15
33490,74.8K,12,44.583333,-0.25
33490,74.8K,12,44.633333,-0.233333
33490,74.8K,12,44.566667,-0.183333
33490,74.8K,12,44.566667,-0.166667
33490,74.8K,12,44.616667,-0.183333
33490,74.8K,12,44.566667,-0.266667
33490,74.8K,12,44.566667,-0.216667
33490,74.8K,12,"",""
33490,74.8K,12,44.6,-0.15
33490,74.8K,12,44.6,-0.2
33490,74.8K,12,44.583333,-0.216667
33490,74.8K,12,44.566667,-0.15
33490,47.81Z,120,44.583333,-0.25
33490,47.81Z,120,44.633333,-0.233333
33490,47.81Z,120,44.566667,-0.183333
33490,47.81Z,120,44.566667,-0.166667
33490,47.81Z,120,44.616667,-0.183333
33490,47.81Z,120,44.566667,-0.266667
33490,47.81Z,120,44.566667,-0.216667
33490,47.81Z,120,"",""
33490,47.81Z,120,44.6,-0.15
33490,47.81Z,120,44.6,-0.2
33490,47.81Z,120,44.583333,-0.216667
33490,47.81Z,120,44.566667,-0.15
33490,57.08,12,44.583333,-0.25
33490,57.08,12,44.633333,-0.233333
33490,57.08,12,44.566667,-0.183333
33490,57.08,12,44.566667,-0.166667
33490,57.08,12,44.616667,-0.183333
33490,57.08,12,44.566667,-0.266667
33490,57.08,12,44.566667,-0.216667
33490,57.08,12,"",""
33490,57.08,12,44.6,-0.15
33490,57.08,12,44.6,-0.2
33490,57.08,12,44.583333,-0.216667
33490,57.08,12,44.566667,-0.15
33490,68.31Z,96,44.583333,-0.25
33490,68.31Z,96,44.633333,-0.233333
33490,68.31Z,96,44.566667,-0.183333
33490,68.31Z,96,44.566667,-0.166667
33490,68.31Z,96,44.616667,-0.183333
33490,68.31Z,96,44.566667,-0.266667
33490,68.31Z,96,44.566667,-0.216667
33490,68.31Z,96,"",""
33490,68.31Z,96,44.6,-0.15
33490,68.31Z,96,44.6,-0.2
33490,68.31Z,96,44.583333,-0.216667
33490,68.31Z,96,44.566667,-0.15
33490,25.11Z,24,44.583333,-0.25
33490,25.11Z,24,44.633333,-0.233333
33490,25.11Z,24,44.566667,-0.183333
33490,25.11Z,24,44.566667,-0.166667
33490,25.11Z,24,44.616667,-0.183333
33490,25.11Z,24,44.566667,-0.266667
33490,25.11Z,24,44.566667,-0.216667
33490,25.11Z,24,"",""
33490,25.11Z,24,44.6,-0.15
33490,25.11Z,24,44.6,-0.2
33490,25.11Z,24,44.583333,-0.216667
33490,25.11Z,24,44.566667,-0.15
33490,01.42Z,48,44.583333,-0.25
33490,01.42Z,48,44.633333,-0.233333
33490,01.42Z,48,44.566667,-0.183333
33490,01.42Z,48,44.566667,-0.166667
33490,01.42Z,48,44.616667,-0.183333
33490,01.42Z,48,44.566667,-0.266667
33490,01.42Z,48,44.566667,-0.216667
33490,01.42Z,48,"",""
33490,01.42Z,48,44.6,-0.15
33490,01.42Z,48,44.6,-0.2
33490,01.42Z,48,44.583333,-0.216667
33490,01.42Z,48,44.566667,-0.15
33490,64.22,12,44.583333,-0.25
33490,64.22,12,44.633333,-0.233333
33490,64.22,12,44.566667,-0.183333
33490,64.22,12,44.566667,-0.166667
33490,64.22,12,44.616667,-0.183333
33490,64.22,12,44.566667,-0.266667
33490,64.22,12,44.566667,-0.216667
33490,64.22,12,"",""
33490,64.22,12,44.6,-0.15
33490,64.22,12,44.6,-0.2
33490,64.22,12,44.583333,-0.216667
33490,64.22,12,44.566667,-0.15
33490,85.59B,12,44.583333,-0.25
33490,85.59B,12,44.633333,-0.233333
33490,85.59B,12,44.566667,-0.183333
33490,85.59B,12,44.566667,-0.166667
33490,85.59B,12,44.616667,-0.183333
33490,85.59B,12,44.566667,-0.266667
33490,85.59B,12,44.566667,-0.216667
33490,85.59B,12,"",""
33490,85.59B,12,44.6,-0.15
33490,85.59B,12,44.6,-0.2
33490,85.59B,12,44.583333,-0.216667
33490,85.59B,12,44.566667,-0.15
33490,19.2Z,12,44.583333,-0.25
33490,19.2Z,12,44.633333,-0.233333
33490,19.2Z,12,44.566667,-0.183333
33490,19.2Z,12,44.566667,-0.166667
33490,19.2Z,12,44.616667,-0.183333
33490,19.2Z,12,44.566667,-0.266667
33490,19.2Z,12,44.566667,-0.216667
33490,19.2Z,12,"",""
33490,19.2Z,12,44.6,-0.15
33490,19.2Z,12,44.6,-0.2
33490,19.2Z,12,44.583333,-0.216667
33490,19.2Z,12,44.566667,-0.15
33490,62.44,36,44.583333,-0.25
33490,62.44,36,44.633333,-0.233333
33490,62.44,36,44.566667,-0.183333
33490,62.44,36,44.566667,-0.166667
33490,62.44,36,44.616667,-0.183333
33490,62.44,36,44.566667,-0.266667
33490,62.44,36,44.566667,-0.216667
33490,62.44,36,"",""
33490,62.44,36,44.6,-0.15
33490,62.44,36,44.6,-0.2
33490,62.44,36,44.583333,-0.216667
33490,62.44,36,44.566667,-0.15
33490,43.99C,120,44.583333,-0.25
33490,43.99C,120,44.633333,-0.233333
33490,43.99C,120,44.566667,-0.183333
33490,43.99C,120,44.566667,-0.166667
33490,43.99C,120,44.616667,-0.183333
33490,43.99C,120,44.566667,-0.266667
33490,43.99C,120,44.566667,-0.216667
33490,43.99C,120,"",""
33490,43.99C,120,44.6,-0.15
33490,43.99C,120,44.6,-0.2
33490,43.99C,120,44.583333,-0.216667
33490,43.99C,120,44.566667,-0.15
33490,70.21Z,24,44.583333,-0.25
33490,70.21Z,24,44.633333,-0.233333
33490,70.21Z,24,44.566667,-0.183333
33490,70.21Z,24,44.566667,-0.166667
33490,70.21Z,24,44.616667,-0.183333
33490,70.21Z,24,44.566667,-0.266667
33490,70.21Z,24,44.566667,-0.216667
33490,70.21Z,24,"",""
33490,70.21Z,24,44.6,-0.15
33490,70.21Z,24,44.6,-0.2
33490,70.21Z,24,44.583333,-0.216667
33490,70.21Z,24,44.566667,-0.15
33490,10.71C,36,44.583333,-0.25
33490,10.71C,36,44.633333,-0.233333
33490,10.71C,36,44.566667,-0.183333
33490,10.71C,36,44.566667,-0.166667
33490,10.71C,36,44.616667,-0.183333
33490,10.71C,36,44.566667,-0.266667
33490,10.71C,36,44.566667,-0.216667
33490,10.71C,36,"",""
33490,10.71C,36,44.6,-0.15
33490,10.71C,36,44.6,-0.2
33490,10.71C,36,44.583333,-0.216667
33490,10.71C,36,44.566667,-0.15
33490,15.1F,12,44.583333,-0.25
33490,15.1F,12,44.633333,-0.233333
33490,15.1F,12,44.566667,-0.183333
33490,15.1F,12,44.566667,-0.166667
33490,15.1F,12,44.616667,-0.183333
33490,15.1F,12,44.566667,-0.266667
33490,15.1F,12,44.566667,-0.216667
33490,15.1F,12,"",""
33490,15.1F,12,44.6,-0.15
33490,15.1F,12,44.6,-0.2
33490,15.1F,12,44.583333,-0.216667
33490,15.1F,12,44.566667,-0.15
33490,47.51Z,12,44.583333,-0.25
33490,47.51Z,12,44.633333,-0.233333
33490,47.51Z,12,44.566667,-0.183333
33490,47.51Z,12,44.566667,-0.166667
33490,47.51Z,12,44.616667,-0.183333
33490,47.51Z,12,44.566667,-0.266667
33490,47.51Z,12,44.566667,-0.216667
33490,47.51Z,12,"",""
33490,47.51Z,12,44.6,-0.15
33490,47.51Z,12,44.6,-0.2
33490,47.51Z,12,44.583333,-0.216667
33490,47.51Z,12,44.566667,-0.15
33490,01.61Z,24,44.583333,-0.25
33490,01.61Z,24,44.633333,-0.233333
33490,01.61Z,24,44.566667,-0.183333
33490,01.61Z,24,44.566667,-0.166667
33490,01.61Z,24,44.616667,-0.183333
33490,01.61Z,24,44.566667,-0.266667
33490,01.61Z,24,44.566667,-0.216667
33490,01.61Z,24,"",""
33490,01.61Z,24,44.6,-0.15
33490,01.61Z,24,44.6,-0.2
33490,01.61Z,24,44.583333,-0.216667
33490,01.61Z,24,44.566667,-0.15
33490,45.20A,168,44.583333,-0.25
33490,45.20A,168,44.633333,-0.233333
33490,45.20A,168,44.566667,-0.183333
33490,45.20A,168,44.566667,-0.166667
33490,45.20A,168,44.616667,-0.183333
33490,45.20A,168,44.566667,-0.266667
33490,45.20A,168,44.566667,-0.216667
33490,45.20A,168,"",""
33490,45.20A,168,44.6,-0.15
33490,45.20A,168,44.6,-0.2
33490,45.20A,168,44.583333,-0.216667
33490,45.20A,168,44.566667,-0.15
33490,43.99E,12,44.583333,-0.25
33490,43.99E,12,44.633333,-0.233333
33490,43.99E,12,44.566667,-0.183333
33490,43.99E,12,44.566667,-0.166667
33490,43.99E,12,44.616667,-0.183333
33490,43.99E,12,44.566667,-0.266667
33490,43.99E,12,44.566667,-0.216667
33490,43.99E,12,"",""
33490,43.99E,12,44.6,-0.15
33490,43.99E,12,44.6,-0.2
33490,43.99E,12,44.583333,-0.216667
33490,43.99E,12,44.566667,-0.15
33490,52.1C,24,44.583333,-0.25
33490,52.1C,24,44.633333,-0.233333
33490,52.1C,24,44.566667,-0.183333
33490,52.1C,24,44.566667,-0.166667
33490,52.1C,24,44.616667,-0.183333
33490,52.1C,24,44.566667,-0.266667
33490,52.1C,24,44.566667,-0.216667
33490,52.1C,24,"",""
33490,52.1C,24,44.6,-0.15
33490,52.1C,24,44.6,-0.2
33490,52.1C,24,44.583333,-0.216667
33490,52.1C,24,44.566667,-0.15
33490,96.04Z,24,44.583333,-0.25
33490,96.04Z,24,44.633333,-0.233333
33490,96.04Z,24,44.566667,-0.183333
33490,96.04Z,24,44.566667,-0.166667
33490,96.04Z,24,44.616667,-0.183333
33490,96.04Z,24,44.566667,-0.266667
33490,96.04Z,24,44.566667,-0.216667
33490,96.04Z,24,"",""
33490,96.04Z,24,44.6,-0.15
33490,96.04Z,24,44.6,-0.2
33490,96.04Z,24,44.583333,-0.216667
33490,96.04Z,24,44.566667,-0.15
33490,67.04,24,44.583333,-0.25
33490,67.04,24,44.633333,-0.233333
33490,67.04,24,44.566667,-0.183333
33490,67.04,24,44.566667,-0.166667
33490,67.04,24,44.616667,-0.183333
33490,67.04,24,44.566667,-0.266667
33490,67.04,24,44.566667,-0.216667
33490,67.04,24,"",""
33490,67.04,24,44.6,-0.15
33490,67.04,24,44.6,-0.2
33490,67.04,24,44.583333,-0.216667
33490,67.04,24,44.566667,-0.15
33490,31.09A,12,44.583333,-0.25
33490,31.09A,12,44.633333,-0.233333
33490,31.09A,12,44.566667,-0.183333
33490,31.09A,12,44.566667,-0.166667
33490,31.09A,12,44.616667,-0.183333
33490,31.09A,12,44.566667,-0.266667
33490,31.09A,12,44.566667,-0.216667
33490,31.09A,12,"",""
33490,31.09A,12,44.6,-0.15
33490,31.09A,12,44.6,-0.2
33490,31.09A,12,44.583333,-0.216667
33490,31.09A,12,44.566667,-0.15
33490,41.20A,36,44.583333,-0.25
33490,41.20A,36,44.633333,-0.233333
33490,41.20A,36,44.566667,-0.183333
33490,41.20A,36,44.566667,-0.166667
33490,41.20A,36,44.616667,-0.183333
33490,41.20A,36,44.566667,-0.266667
33490,41.20A,36,44.566667,-0.216667
33490,41.20A,36,"",""
33490,41.20A,36,44.6,-0.15
33490,41.20A,36,44.6,-0.2
33490,41.20A,36,44.583333,-0.216667
33490,41.20A,36,44.566667,-0.15
33490,96.09Z,96,44.583333,-0.25
33490,96.09Z,96,44.633333,-0.233333
33490,96.09Z,96,44.566667,-0.183333
33490,96.09Z,96,44.566667,-0.166667
33490,96.09Z,96,44.616667,-0.183333
33490,96.09Z,96,44.566667,-0.266667
33490,96.09Z,96,44.566667,-0.216667
33490,96.09Z,96,"",""
33490,96.09Z,96,44.6,-0.15
33490,96.09Z,96,44.6,-0.2
33490,96.09Z,96,44.583333,-0.216667
33490,96.09Z,96,44.566667,-0.15
33490,95.25Z,12,44.583333,-0.25
33490,95.25Z,12,44.633333,-0.233333
33490,95.25Z,12,44.566667,-0.183333
33490,95.25Z,12,44.566667,-0.166667
33490,95.25Z,12,44.616667,-0.183333
33490,95.25Z,12,44.566667,-0.266667
33490,95.25Z,12,44.566667,-0.216667
33490,95.25Z,12,"",""
33490,95.25Z,12,44.6,-0.15
33490,95.25Z,12,44.6,-0.2
33490,95.25Z,12,44.583333,-0.216667
33490,95.25Z,12,44.566667,-0.15
33490,81.21Z,48,44.583333,-0.25
33490,81.21Z,48,44.633333,-0.233333
33490,81.21Z,48,44.566667,-0.183333
33490,81.21Z,48,44.566667,-0.166667
33490,81.21Z,48,44.616667,-0.183333
33490,81.21Z,48,44.566667,-0.266667
33490,81.21Z,48,44.566667,-0.216667
33490,81.21Z,48,"",""
33490,81.21Z,48,44.6,-0.15
33490,81.21Z,48,44.6,-0.2
33490,81.21Z,48,44.583333,-0.216667
33490,81.21Z,48,44.566667,-0.15
33490,35.11Z,12,44.583333,-0.25
33490,35.11Z,12,44.633333,-0.233333
33490,35.11Z,12,44.566667,-0.183333
33490,35.11Z,12,44.566667,-0.166667
33490,35.11Z,12,44.616667,-0.183333
33490,35.11Z,12,44.566667,-0.266667
33490,35.11Z,12,44.566667,-0.216667
33490,35.11Z,12,"",""
33490,35.11Z,12,44.6,-0.15
33490,35.11Z,12,44.6,-0.2
33490,35.11Z,12,44.583333,-0.216667
33490,35.11Z,12,44.566667,-0.15
33490,52.2E,36,44.583333,-0.25
33490,52.2E,36,44.633333,-0.233333
33490,52.2E,36,44.566667,-0.183333
33490,52.2E,36,44.566667,-0.166667
33490,52.2E,36,44.616667,-0.183333
33490,52.2E,36,44.566667,-0.266667
33490,52.2E,36,44.566667,-0.216667
33490,52.2E,36,"",""
33490,52.2E,36,44.6,-0.15
33490,52.2E,36,44.6,-0.2
33490,52.2E,36,44.583333,-0.216667
33490,52.2E,36,44.566667,-0.15
33490,03.11Z,72,44.583333,-0.25
33490,03.11Z,72,44.633333,-0.233333
33490,03.11Z,72,44.566667,-0.183333
33490,03.11Z,72,44.566667,-0.166667
33490,03.11Z,72,44.616667,-0.183333
33490,03.11Z,72,44.566667,-0.266667
33490,03.11Z,72,44.566667,-0.216667
33490,03.11Z,72,"",""
33490,03.11Z,72,44.6,-0.15
33490,03.11Z,72,44.6,-0.2
33490,03.11Z,72,44.583333,-0.216667
33490,03.11Z,72,44.566667,-0.15
33490,43.12A,60,44.583333,-0.25
33490,43.12A,60,44.633333,-0.233333
33490,43.12A,60,44.566667,-0.183333
33490,43.12A,60,44.566667,-0.166667
33490,43.12A,60,44.616667,-0.183333
33490,43.12A,60,44.566667,-0.266667
33490,43.12A,60,44.566667,-0.216667
33490,43.12A,60,"",""
33490,43.12A,60,44.6,-0.15
33490,43.12A,60,44.6,-0.2
33490,43.12A,60,44.583333,-0.216667
33490,43.12A,60,44.566667,-0.15
33490,84.10,24,44.583333,-0.25
33490,84.10,24,44.633333,-0.233333
33490,84.10,24,44.566667,-0.183333
33490,84.10,24,44.566667,-0.166667
33490,84.10,24,44.616667,-0.183333
33490,84.10,24,44.566667,-0.266667
33490,84.10,24,44.566667,-0.216667
33490,84.10,24,"",""
33490,84.10,24,44.6,-0.15
33490,84.10,24,44.6,-0.2
33490,84.10,24,44.583333,-0.216667
33490,84.10,24,44.566667,-0.15
33490,47.72B,12,44.583333,-0.25
33490,47.72B,12,44.633333,-0.233333
33490,47.72B,12,44.566667,-0.183333
33490,47.72B,12,44.566667,-0.166667
33490,47.72B,12,44.616667,-0.183333
33490,47.72B,12,44.566667,-0.266667
33490,47.72B,12,44.566667,-0.216667
33490,47.72B,12,"",""
33490,47.72B,12,44.6,-0.15
33490,47.72B,12,44.6,-0.2
33490,47.72B,12,44.583333,-0.216667
33490,47.72B,12,44.566667,-0.15
33490,47.91A,24,44.583333,-0.25
33490,47.91A,24,44.633333,-0.233333
33490,47.91A,24,44.566667,-0.183333
33490,47.91A,24,44.566667,-0.166667
33490,47.91A,24,44.616667,-0.183333
33490,47.91A,24,44.566667,-0.266667
33490,47.91A,24,44.566667,-0.216667
33490,47.91A,24,"",""
33490,47.91A,24,44.6,-0.15
33490,47.91A,24,44.6,-0.2
33490,47.91A,24,44.583333,-0.216667
33490,47.91A,24,44.566667,-0.15
33490,52.4C,36,44.583333,-0.25
33490,52.4C,36,44.633333,-0.233333
33490,52.4C,36,44.566667,-0.183333
33490,52.4C,36,44.566667,-0.166667
33490,52.4C,36,44.616667,-0.183333
33490,52.4C,36,44.566667,-0.266667
33490,52.4C,36,44.566667,-0.216667
33490,52.4C,36,"",""
33490,52.4C,36,44.6,-0.15
33490,52.4C,36,44.6,-0.2
33490,52.4C,36,44.583333,-0.216667
33490,52.4C,36,44.566667,-0.15
33490,93.0B,12,44.583333,-0.25
33490,93.0B,12,44.633333,-0.233333
33490,93.0B,12,44.566667,-0.183333
33490,93.0B,12,44.566667,-0.166667
33490,93.0B,12,44.616667,-0.183333
33490,93.0B,12,44.566667,-0.266667
33490,93.0B,12,44.566667,-0.216667
33490,93.0B,12,"",""
33490,93.0B,12,44.6,-0.15
33490,93.0B,12,44.6,-0.2
33490,93.0B,12,44.583333,-0.216667
33490,93.0B,12,44.566667,-0.15
33490,46.73A,48,44.583333,-0.25
33490,46.73A,48,44.633333,-0.233333
33490,46.73A,48,44.566667,-0.183333
33490,46.73A,48,44.566667,-0.166667
33490,46.73A,48,44.616667,-0.183333
33490,46.73A,48,44.566667,-0.266667
33490,46.73A,48,44.566667,-0.216667
33490,46.73A,48,"",""
33490,46.73A,48,44.6,-0.15
33490,46.73A,48,44.6,-0.2
33490,46.73A,48,44.583333,-0.216667
33490,46.73A,48,44.566667,-0.15
33490,55.1A,12,44.583333,-0.25
33490,55.1A,12,44.633333,-0.233333
33490,55.1A,12,44.566667,-0.183333
33490,55.1A,12,44.566667,-0.166667
33490,55.1A,12,44.616667,-0.183333
33490,55.1A,12,44.566667,-0.266667
33490,55.1A,12,44.566667,-0.216667
33490,55.1A,12,"",""
33490,55.1A,12,44.6,-0.15
33490,55.1A,12,44.6,-0.2
33490,55.1A,12,44.583333,-0.216667
33490,55.1A,12,44.566667,-0.15
33490,67.08,24,44.583333,-0.25
33490,67.08,24,44.633333,-0.233333
33490,67.08,24,44.566667,-0.183333
33490,67.08,24,44.566667,-0.166667
33490,67.08,24,44.616667,-0.183333
33490,67.08,24,44.566667,-0.266667
33490,67.08,24,44.566667,-0.216667
33490,67.08,24,"",""
33490,67.08,24,44.6,-0.15
33490,67.08,24,44.6,-0.2
33490,67.08,24,44.583333,-0.216667
33490,67.08,24,44.566667,-0.15
33490,41.10D,12,44.583333,-0.25
33490,41.10D,12,44.633333,-0.233333
33490,41.10D,12,44.566667,-0.183333
33490,41.10D,12,44.566667,-0.166667
33490,41.10D,12,44.616667,-0.183333
33490,41.10D,12,44.566667,-0.266667
33490,41.10D,12,44.566667,-0.216667
33490,41.10D,12,"",""
33490,41.10D,12,44.6,-0.15
33490,41.10D,12,44.6,-0.2
33490,41.10D,12,44.583333,-0.216667
33490,41.10D,12,44.566667,-0.15
33490,90.03B,24,44.583333,-0.25
33490,90.03B,24,44.633333,-0.233333
33490,90.03B,24,44.566667,-0.183333
33490,90.03B,24,44.566667,-0.166667
33490,90.03B,24,44.616667,-0.183333
33490,90.03B,24,44.566667,-0.266667
33490,90.03B,24,44.566667,-0.216667
33490,90.03B,24,"",""
33490,90.03B,24,44.6,-0.15
33490,90.03B,24,44.6,-0.2
33490,90.03B,24,44.583333,-0.216667
33490,90.03B,24,44.566667,-0.15
33490,01.49Z,84,44.583333,-0.25
33490,01.49Z,84,44.633333,-0.233333
33490,01.49Z,84,44.566667,-0.183333
33490,01.49Z,84,44.566667,-0.166667
33490,01.49Z,84,44.616667,-0.183333
33490,01.49Z,84,44.566667,-0.266667
33490,01.49Z,84,44.566667,-0.216667
33490,01.49Z,84,"",""
33490,01.49Z,84,44.6,-0.15
33490,01.49Z,84,44.6,-0.2
33490,01.49Z,84,44.583333,-0.216667
33490,01.49Z,84,44.566667,-0.15
33490,47.29Z,12,44.583333,-0.25
33490,47.29Z,12,44.633333,-0.233333
33490,47.29Z,12,44.566667,-0.183333
33490,47.29Z,12,44.566667,-0.166667
33490,47.29Z,12,44.616667,-0.183333
33490,47.29Z,12,44.566667,-0.266667
33490,47.29Z,12,44.566667,-0.216667
33490,47.29Z,12,"",""
33490,47.29Z,12,44.6,-0.15
33490,47.29Z,12,44.6,-0.2
33490,47.29Z,12,44.583333,-0.216667
33490,47.29Z,12,44.566667,-0.15
33490,47.30Z,24,44.583333,-0.25
33490,47.30Z,24,44.633333,-0.233333
33490,47.30Z,24,44.566667,-0.183333
33490,47.30Z,24,44.566667,-0.166667
33490,47.30Z,24,44.616667,-0.183333
33490,47.30Z,24,44.566667,-0.266667
33490,47.30Z,24,44.566667,-0.216667
33490,47.30Z,24,"",""
33490,47.30Z,24,44.6,-0.15
33490,47.30Z,24,44.6,-0.2
33490,47.30Z,24,44.583333,-0.216667
33490,47.30Z,24,44.566667,-0.15
33490,01.1A,36,44.583333,-0.25
33490,01.1A,36,44.633333,-0.233333
33490,01.1A,36,44.566667,-0.183333
33490,01.1A,36,44.566667,-0.166667
33490,01.1A,36,44.616667,-0.183333
33490,01.1A,36,44.566667,-0.266667
33490,01.1A,36,44.566667,-0.216667
33490,01.1A,36,"",""
33490,01.1A,36,44.6,-0.15
33490,01.1A,36,44.6,-0.2
33490,01.1A,36,44.583333,-0.216667
33490,01.1A,36,44.566667,-0.15
33490,53.20Z,24,44.583333,-0.25
33490,53.20Z,24,44.633333,-0.233333
33490,53.20Z,24,44.566667,-0.183333
33490,53.20Z,24,44.566667,-0.166667
33490,53.20Z,24,44.616667,-0.183333
33490,53.20Z,24,44.566667,-0.266667
33490,53.20Z,24,44.566667,-0.216667
33490,53.20Z,24,"",""
33490,53.20Z,24,44.6,-0.15
33490,53.20Z,24,44.6,-0.2
33490,53.20Z,24,44.583333,-0.216667
33490,53.20Z,24,44.566667,-0.15
33490,10.72Z,24,44.583333,-0.25
33490,10.72Z,24,44.633333,-0.233333
33490,10.72Z,24,44.566667,-0.183333
33490,10.72Z,24,44.566667,-0.166667
33490,10.72Z,24,44.616667,-0.183333
33490,10.72Z,24,44.566667,-0.266667
33490,10.72Z,24,44.566667,-0.216667
33490,10.72Z,24,"",""
33490,10.72Z,24,44.6,-0.15
33490,10.72Z,24,44.6,-0.2
33490,10.72Z,24,44.583333,-0.216667
33490,10.72Z,24,44.566667,-0.15
33490,84.12,24,44.583333,-0.25
33490,84.12,24,44.633333,-0.233333
33490,84.12,24,44.566667,-0.183333
33490,84.12,24,44.566667,-0.166667
33490,84.12,24,44.616667,-0.183333
33490,84.12,24,44.566667,-0.266667
33490,84.12,24,44.566667,-0.216667
33490,84.12,24,"",""
33490,84.12,24,44.6,-0.15
33490,84.12,24,44.6,-0.2
33490,84.12,24,44.583333,-0.216667
33490,84.12,24,44.566667,-0.15
33490,41.20B,36,44.583333,-0.25
33490,41.20B,36,44.633333,-0.233333
33490,41.20B,36,44.566667,-0.183333
33490,41.20B,36,44.566667,-0.166667
33490,41.20B,36,44.616667,-0.183333
33490,41.20B,36,44.566667,-0.266667
33490,41.20B,36,44.566667,-0.216667
33490,41.20B,36,"",""
33490,41.20B,36,44.6,-0.15
33490,41.20B,36,44.6,-0.2
33490,41.20B,36,44.583333,-0.216667
33490,41.20B,36,44.566667,-0.15
33490,86.90F,84,44.583333,-0.25
33490,86.90F,84,44.633333,-0.233333
33490,86.90F,84,44.566667,-0.183333
33490,86.90F,84,44.566667,-0.166667
33490,86.90F,84,44.616667,-0.183333
33490,86.90F,84,44.566667,-0.266667
33490,86.90F,84,44.566667,-0.216667
33490,86.90F,84,"",""
33490,86.90F,84,44.6,-0.15
33490,86.90F,84,44.6,-0.2
33490,86.90F,84,44.583333,-0.216667
33490,86.90F,84,44.566667,-0.15
33490,70.1D,12,44.583333,-0.25
33490,70.1D,12,44.633333,-0.233333
33490,70.1D,12,44.566667,-0.183333
33490,70.1D,12,44.566667,-0.166667
33490,70.1D,12,44.616667,-0.183333
33490,70.1D,12,44.566667,-0.266667
33490,70.1D,12,44.566667,-0.216667
33490,70.1D,12,"",""
33490,70.1D,12,44.6,-0.15
33490,70.1D,12,44.6,-0.2
33490,70.1D,12,44.583333,-0.216667
33490,70.1D,12,44.566667,-0.15
33490,45.4F,12,44.583333,-0.25
33490,45.4F,12,44.633333,-0.233333
33490,45.4F,12,44.566667,-0.183333
33490,45.4F,12,44.566667,-0.166667
33490,45.4F,12,44.616667,-0.183333
33490,45.4F,12,44.566667,-0.266667
33490,45.4F,12,44.566667,-0.216667
33490,45.4F,12,"",""
33490,45.4F,12,44.6,-0.15
33490,45.4F,12,44.6,-0.2
33490,45.4F,12,44.583333,-0.216667
33490,45.4F,12,44.566667,-0.15
33490,50.5Z,12,44.583333,-0.25
33490,50.5Z,12,44.633333,-0.233333
33490,50.5Z,12,44.566667,-0.183333
33490,50.5Z,12,44.566667,-0.166667
33490,50.5Z,12,44.616667,-0.183333
33490,50.5Z,12,44.566667,-0.266667
33490,50.5Z,12,44.566667,-0.216667
33490,50.5Z,12,"",""
33490,50.5Z,12,44.6,-0.15
33490,50.5Z,12,44.6,-0.2
33490,50.5Z,12,44.583333,-0.216667
33490,50.5Z,12,44.566667,-0.15
33490,70.22Z,60,44.583333,-0.25
33490,70.22Z,60,44.633333,-0.233333
33490,70.22Z,60,44.566667,-0.183333
33490,70.22Z,60,44.566667,-0.166667
33490,70.22Z,60,44.616667,-0.183333
33490,70.22Z,60,44.566667,-0.266667
33490,70.22Z,60,44.566667,-0.216667
33490,70.22Z,60,"",""
33490,70.22Z,60,44.6,-0.15
33490,70.22Z,60,44.6,-0.2
33490,70.22Z,60,44.583333,-0.216667
33490,70.22Z,60,44.566667,-0.15
33490,01.62Z,12,44.583333,-0.25
33490,01.62Z,12,44.633333,-0.233333
33490,01.62Z,12,44.566667,-0.183333
33490,01.62Z,12,44.566667,-0.166667
33490,01.62Z,12,44.616667,-0.183333
33490,01.62Z,12,44.566667,-0.266667
33490,01.62Z,12,44.566667,-0.216667
33490,01.62Z,12,"",""
33490,01.62Z,12,44.6,-0.15
33490,01.62Z,12,44.6,-0.2
33490,01.62Z,12,44.583333,-0.216667
33490,01.62Z,12,44.566667,-0.15
33490,62.09Z,12,44.583333,-0.25
33490,62.09Z,12,44.633333,-0.233333
33490,62.09Z,12,44.566667,-0.183333
33490,62.09Z,12,44.566667,-0.166667
33490,62.09Z,12,44.616667,-0.183333
33490,62.09Z,12,44.566667,-0.266667
33490,62.09Z,12,44.566667,-0.216667
33490,62.09Z,12,"",""
33490,62.09Z,12,44.6,-0.15
33490,62.09Z,12,44.6,-0.2
33490,62.09Z,12,44.583333,-0.216667
33490,62.09Z,12,44.566667,-0.15
33490,66.22Z,36,44.583333,-0.25
33490,66.22Z,36,44.633333,-0.233333
33490,66.22Z,36,44.566667,-0.183333
33490,66.22Z,36,44.566667,-0.166667
33490,66.22Z,36,44.616667,-0.183333
33490,66.22Z,36,44.566667,-0.266667
33490,66.22Z,36,44.566667,-0.216667
33490,66.22Z,36,"",""
33490,66.22Z,36,44.6,-0.15
33490,66.22Z,36,44.6,-0.2
33490,66.22Z,36,44.583333,-0.216667
33490,66.22Z,36,44.566667,-0.15
33490,45.19Z,12,44.583333,-0.25
33490,45.19Z,12,44.633333,-0.233333
33490,45.19Z,12,44.566667,-0.183333
33490,45.19Z,12,44.566667,-0.166667
33490,45.19Z,12,44.616667,-0.183333
33490,45.19Z,12,44.566667,-0.266667
33490,45.19Z,12,44.566667,-0.216667
33490,45.19Z,12,"",""
33490,45.19Z,12,44.6,-0.15
33490,45.19Z,12,44.6,-0.2
33490,45.19Z,12,44.583333,-0.216667
33490,45.19Z,12,44.566667,-0.15
33490,52.4A,12,44.583333,-0.25
33490,52.4A,12,44.633333,-0.233333
33490,52.4A,12,44.566667,-0.183333
33490,52.4A,12,44.566667,-0.166667
33490,52.4A,12,44.616667,-0.183333
33490,52.4A,12,44.566667,-0.266667
33490,52.4A,12,44.566667,-0.216667
33490,52.4A,12,"",""
33490,52.4A,12,44.6,-0.15
33490,52.4A,12,44.6,-0.2
33490,52.4A,12,44.583333,-0.216667
33490,52.4A,12,44.566667,-0.15
33490,62.46,12,44.583333,-0.25
33490,62.46,12,44.633333,-0.233333
33490,62.46,12,44.566667,-0.183333
33490,62.46,12,44.566667,-0.166667
33490,62.46,12,44.616667,-0.183333
33490,62.46,12,44.566667,-0.266667
33490,62.46,12,44.566667,-0.216667
33490,62.46,12,"",""
33490,62.46,12,44.6,-0.15
33490,62.46,12,44.6,-0.2
33490,62.46,12,44.583333,-0.216667
33490,62.46,12,44.566667,-0.15
33490,47.25Z,60,44.583333,-0.25
33490,47.25Z,60,44.633333,-0.233333
33490,47.25Z,60,44.566667,-0.183333
33490,47.25Z,60,44.566667,-0.166667
33490,47.25Z,60,44.616667,-0.183333
33490,47.25Z,60,44.566667,-0.266667
33490,47.25Z,60,44.566667,-0.216667
33490,47.25Z,60,"",""
33490,47.25Z,60,44.6,-0.15
33490,47.25Z,60,44.6,-0.2
33490,47.25Z,60,44.583333,-0.216667
33490,47.25Z,60,44.566667,-0.15
33490,00.0Z,12,44.583333,-0.25
33490,00.0Z,12,44.633333,-0.233333
33490,00.0Z,12,44.566667,-0.183333
33490,00.0Z,12,44.566667,-0.166667
33490,00.0Z,12,44.616667,-0.183333
33490,00.0Z,12,44.566667,-0.266667
33490,00.0Z,12,44.566667,-0.216667
33490,00.0Z,12,"",""
33490,00.0Z,12,44.6,-0.15
33490,00.0Z,12,44.6,-0.2
33490,00.0Z,12,44.583333,-0.216667
33490,00.0Z,12,44.566667,-0.15
33490,74.8G,12,44.583333,-0.25
33490,74.8G,12,44.633333,-0.233333
33490,74.8G,12,44.566667,-0.183333
33490,74.8G,12,44.566667,-0.166667
33490,74.8G,12,44.616667,-0.183333
33490,74.8G,12,44.566667,-0.266667
33490,74.8G,12,44.566667,-0.216667
33490,74.8G,12,"",""
33490,74.8G,12,44.6,-0.15
33490,74.8G,12,44.6,-0.2
33490,74.8G,12,44.583333,-0.216667
33490,74.8G,12,44.566667,-0.15
33490,47.91B,12,44.583333,-0.25
33490,47.91B,12,44.633333,-0.233333
33490,47.91B,12,44.566667,-0.183333
33490,47.91B,12,44.566667,-0.166667
33490,47.91B,12,44.616667,-0.183333
33490,47.91B,12,44.566667,-0.266667
33490,47.91B,12,44.566667,-0.216667
33490,47.91B,12,"",""
33490,47.91B,12,44.6,-0.15
33490,47.91B,12,44.6,-0.2
33490,47.91B,12,44.583333,-0.216667
33490,47.91B,12,44.566667,-0.15
33490,62.02A,24,44.583333,-0.25
33490,62.02A,24,44.633333,-0.233333
33490,62.02A,24,44.566667,-0.183333
33490,62.02A,24,44.566667,-0.166667
33490,62.02A,24,44.616667,-0.183333
33490,62.02A,24,44.566667,-0.266667
33490,62.02A,24,44.566667,-0.216667
33490,62.02A,24,"",""
33490,62.02A,24,44.6,-0.15
33490,62.02A,24,44.6,-0.2
33490,62.02A,24,44.583333,-0.216667
33490,62.02A,24,44.566667,-0.15
33490,10.39B,12,44.583333,-0.25
33490,10.39B,12,44.633333,-0.233333
33490,10.39B,12,44.566667,-0.183333
33490,10.39B,12,44.566667,-0.166667
33490,10.39B,12,44.616667,-0.183333
33490,10.39B,12,44.566667,-0.266667
33490,10.39B,12,44.566667,-0.216667
33490,10.39B,12,"",""
33490,10.39B,12,44.6,-0.15
33490,10.39B,12,44.6,-0.2
33490,10.39B,12,44.583333,-0.216667
33490,10.39B,12,44.566667,-0.15
33490,69.20Z,36,44.583333,-0.25
33490,69.20Z,36,44.633333,-0.233333
33490,69.20Z,36,44.566667,-0.183333
33490,69.20Z,36,44.566667,-0.166667
33490,69.20Z,36,44.616667,-0.183333
33490,69.20Z,36,44.566667,-0.266667
33490,69.20Z,36,44.566667,-0.216667
33490,69.20Z,36,"",""
33490,69.20Z,36,44.6,-0.15
33490,69.20Z,36,44.6,-0.2
33490,69.20Z,36,44.583333,-0.216667
33490,69.20Z,36,44.566667,-0.15
33490,54.10,12,44.583333,-0.25
33490,54.10,12,44.633333,-0.233333
33490,54.10,12,44.566667,-0.183333
33490,54.10,12,44.566667,-0.166667
33490,54.10,12,44.616667,-0.183333
33490,54.10,12,44.566667,-0.266667
33490,54.10,12,44.566667,-0.216667
33490,54.10,12,"",""
33490,54.10,12,44.6,-0.15
33490,54.10,12,44.6,-0.2
33490,54.10,12,44.583333,-0.216667
33490,54.10,12,44.566667,-0.15
33490,88.99B,24,44.583333,-0.25
33490,88.99B,24,44.633333,-0.233333
33490,88.99B,24,44.566667,-0.183333
33490,88.99B,24,44.566667,-0.166667
33490,88.99B,24,44.616667,-0.183333
33490,88.99B,24,44.566667,-0.266667
33490,88.99B,24,44.566667,-0.216667
33490,88.99B,24,"",""
33490,88.99B,24,44.6,-0.15
33490,88.99B,24,44.6,-0.2
33490,88.99B,24,44.583333,-0.216667
33490,88.99B,24,44.566667,-0.15
33490,52.4N,12,44.583333,-0.25
33490,52.4N,12,44.633333,-0.233333
33490,52.4N,12,44.566667,-0.183333
33490,52.4N,12,44.566667,-0.166667
33490,52.4N,12,44.616667,-0.183333
33490,52.4N,12,44.566667,-0.266667
33490,52.4N,12,44.566667,-0.216667
33490,52.4N,12,"",""
33490,52.4N,12,44.6,-0.15
33490,52.4N,12,44.6,-0.2
33490,52.4N,12,44.583333,-0.216667
33490,52.4N,12,44.566667,-0.15
33490,93.29Z,72,44.583333,-0.25
33490,93.29Z,72,44.633333,-0.233333
33490,93.29Z,72,44.566667,-0.183333
33490,93.29Z,72,44.566667,-0.166667
33490,93.29Z,72,44.616667,-0.183333
33490,93.29Z,72,44.566667,-0.266667
33490,93.29Z,72,44.566667,-0.216667
33490,93.29Z,72,"",""
33490,93.29Z,72,44.6,-0.15
33490,93.29Z,72,44.6,-0.2
33490,93.29Z,72,44.583333,-0.216667
33490,93.29Z,72,44.566667,-0.15
33490,47.89Z,204,44.583333,-0.25
33490,47.89Z,204,44.633333,-0.233333
33490,47.89Z,204,44.566667,-0.183333
33490,47.89Z,204,44.566667,-0.166667
33490,47.89Z,204,44.616667,-0.183333
33490,47.89Z,204,44.566667,-0.266667
33490,47.89Z,204,44.566667,-0.216667
33490,47.89Z,204,"",""
33490,47.89Z,204,44.6,-0.15
33490,47.89Z,204,44.6,-0.2
33490,47.89Z,204,44.583333,-0.216667
33490,47.89Z,204,44.566667,-0.15
33490,73.11Z,12,44.583333,-0.25
33490,73.11Z,12,44.633333,-0.233333
33490,73.11Z,12,44.566667,-0.183333
33490,73.11Z,12,44.566667,-0.166667
33490,73.11Z,12,44.616667,-0.183333
33490,73.11Z,12,44.566667,-0.266667
33490,73.11Z,12,44.566667,-0.216667
33490,73.11Z,12,"",""
33490,73.11Z,12,44.6,-0.15
33490,73.11Z,12,44.6,-0.2
33490,73.11Z,12,44.583333,-0.216667
33490,73.11Z,12,44.566667,-0.15
33490,92.6C,36,44.583333,-0.25
33490,92.6C,36,44.633333,-0.233333
33490,92.6C,36,44.566667,-0.183333
33490,92.6C,36,44.566667,-0.166667
33490,92.6C,36,44.616667,-0.183333
33490,92.6C,36,44.566667,-0.266667
33490,92.6C,36,44.566667,-0.216667
33490,92.6C,36,"",""
33490,92.6C,36,44.6,-0.15
33490,92.6C,36,44.6,-0.2
33490,92.6C,36,44.583333,-0.216667
33490,92.6C,36,44.566667,-0.15
33490,32.40Z,12,44.583333,-0.25
33490,32.40Z,12,44.633333,-0.233333
33490,32.40Z,12,44.566667,-0.183333
33490,32.40Z,12,44.566667,-0.166667
33490,32.40Z,12,44.616667,-0.183333
33490,32.40Z,12,44.566667,-0.266667
33490,32.40Z,12,44.566667,-0.216667
33490,32.40Z,12,"",""
33490,32.40Z,12,44.6,-0.15
33490,32.40Z,12,44.6,-0.2
33490,32.40Z,12,44.583333,-0.216667
33490,32.40Z,12,44.566667,-0.15
33490,45.2V,72,44.583333,-0.25
33490,45.2V,72,44.633333,-0.233333
33490,45.2V,72,44.566667,-0.183333
33490,45.2V,72,44.566667,-0.166667
33490,45.2V,72,44.616667,-0.183333
33490,45.2V,72,44.566667,-0.266667
33490,45.2V,72,44.566667,-0.216667
33490,45.2V,72,"",""
33490,45.2V,72,44.6,-0.15
33490,45.2V,72,44.6,-0.2
33490,45.2V,72,44.583333,-0.216667
33490,45.2V,72,44.566667,-0.15
33490,85.51Z,12,44.583333,-0.25
33490,85.51Z,12,44.633333,-0.233333
33490,85.51Z,12,44.566667,-0.183333
33490,85.51Z,12,44.566667,-0.166667
33490,85.51Z,12,44.616667,-0.183333
33490,85.51Z,12,44.566667,-0.266667
33490,85.51Z,12,44.566667,-0.216667
33490,85.51Z,12,"",""
33490,85.51Z,12,44.6,-0.15
33490,85.51Z,12,44.6,-0.2
33490,85.51Z,12,44.583333,-0.216667
33490,85.51Z,12,44.566667,-0.15
33490,65.03,12,44.583333,-0.25
33490,65.03,12,44.633333,-0.233333
33490,65.03,12,44.566667,-0.183333
33490,65.03,12,44.566667,-0.166667
33490,65.03,12,44.616667,-0.183333
33490,65.03,12,44.566667,-0.266667
33490,65.03,12,44.566667,-0.216667
33490,65.03,12,"",""
33490,65.03,12,44.6,-0.15
33490,65.03,12,44.6,-0.2
33490,65.03,12,44.583333,-0.216667
33490,65.03,12,44.566667,-0.15
33490,43.21A,192,44.583333,-0.25
33490,43.21A,192,44.633333,-0.233333
33490,43.21A,192,44.566667,-0.183333
33490,43.21A,192,44.566667,-0.166667
33490,43.21A,192,44.616667,-0.183333
33490,43.21A,192,44.566667,-0.266667
33490,43.21A,192,44.566667,-0.216667
33490,43.21A,192,"",""
33490,43.21A,192,44.6,-0.15
33490,43.21A,192,44.6,-0.2
33490,43.21A,192,44.583333,-0.216667
33490,43.21A,192,44.566667,-0.15
33490,52.1B,12,44.583333,-0.25
33490,52.1B,12,44.633333,-0.233333
33490,52.1B,12,44.566667,-0.183333
33490,52.1B,12,44.566667,-0.166667
33490,52.1B,12,44.616667,-0.183333
33490,52.1B,12,44.566667,-0.266667
33490,52.1B,12,44.566667,-0.216667
33490,52.1B,12,"",""
33490,52.1B,12,44.6,-0.15
33490,52.1B,12,44.6,-0.2
33490,52.1B,12,44.583333,-0.216667
33490,52.1B,12,44.566667,-0.15
33490,70.2A,12,44.583333,-0.25
33490,70.2A,12,44.633333,-0.233333
33490,70.2A,12,44.566667,-0.183333
33490,70.2A,12,44.566667,-0.166667
33490,70.2A,12,44.616667,-0.183333
33490,70.2A,12,44.566667,-0.266667
33490,70.2A,12,44.566667,-0.216667
33490,70.2A,12,"",""
33490,70.2A,12,44.6,-0.15
33490,70.2A,12,44.6,-0.2
33490,70.2A,12,44.583333,-0.216667
33490,70.2A,12,44.566667,-0.15
33490,66.19A,12,44.583333,-0.25
33490,66.19A,12,44.633333,-0.233333
33490,66.19A,12,44.566667,-0.183333
33490,66.19A,12,44.566667,-0.166667
33490,66.19A,12,44.616667,-0.183333
33490,66.19A,12,44.566667,-0.266667
33490,66.19A,12,44.566667,-0.216667
33490,66.19A,12,"",""
33490,66.19A,12,44.6,-0.15
33490,66.19A,12,44.6,-0.2
33490,66.19A,12,44.583333,-0.216667
33490,66.19A,12,44.566667,-0.15
33490,64.43,12,44.583333,-0.25
33490,64.43,12,44.633333,-0.233333
33490,64.43,12,44.566667,-0.183333
33490,64.43,12,44.566667,-0.166667
33490,64.43,12,44.616667,-0.183333
33490,64.43,12,44.566667,-0.266667
33490,64.43,12,44.566667,-0.216667
33490,64.43,12,"",""
33490,64.43,12,44.6,-0.15
33490,64.43,12,44.6,-0.2
33490,64.43,12,44.583333,-0.216667
33490,64.43,12,44.566667,-0.15
33490,53.10Z,60,44.583333,-0.25
33490,53.10Z,60,44.633333,-0.233333
33490,53.10Z,60,44.566667,-0.183333
33490,53.10Z,60,44.566667,-0.166667
33490,53.10Z,60,44.616667,-0.183333
33490,53.10Z,60,44.566667,-0.266667
33490,53.10Z,60,44.566667,-0.216667
33490,53.10Z,60,"",""
33490,53.10Z,60,44.6,-0.15
33490,53.10Z,60,44.6,-0.2
33490,53.10Z,60,44.583333,-0.216667
33490,53.10Z,60,44.566667,-0.15
33490,74.90B,12,44.583333,-0.25
33490,74.90B,12,44.633333,-0.233333
33490,74.90B,12,44.566667,-0.183333
33490,74.90B,12,44.566667,-0.166667
33490,74.90B,12,44.616667,-0.183333
33490,74.90B,12,44.566667,-0.266667
33490,74.90B,12,44.566667,-0.216667
33490,74.90B,12,"",""
33490,74.90B,12,44.6,-0.15
33490,74.90B,12,44.6,-0.2
33490,74.90B,12,44.583333,-0.216667
33490,74.90B,12,44.566667,-0.15
33490,66.02,24,44.583333,-0.25
33490,66.02,24,44.633333,-0.233333
33490,66.02,24,44.566667,-0.183333
33490,66.02,24,44.566667,-0.166667
33490,66.02,24,44.616667,-0.183333
33490,66.02,24,44.566667,-0.266667
33490,66.02,24,44.566667,-0.216667
33490,66.02,24,"",""
33490,66.02,24,44.6,-0.15
33490,66.02,24,44.6,-0.2
33490,66.02,24,44.583333,-0.216667
33490,66.02,24,44.566667,-0.15
33490,18.13Z,12,44.583333,-0.25
33490,18.13Z,12,44.633333,-0.233333
33490,18.13Z,12,44.566667,-0.183333
33490,18.13Z,12,44.566667,-0.166667
33490,18.13Z,12,44.616667,-0.183333
33490,18.13Z,12,44.566667,-0.266667
33490,18.13Z,12,44.566667,-0.216667
33490,18.13Z,12,"",""
33490,18.13Z,12,44.6,-0.15
33490,18.13Z,12,44.6,-0.2
33490,18.13Z,12,44.583333,-0.216667
33490,18.13Z,12,44.566667,-0.15
33490,32.30Z,12,44.583333,-0.25
33490,32.30Z,12,44.633333,-0.233333
33490,32.30Z,12,44.566667,-0.183333
33490,32.30Z,12,44.566667,-0.166667
33490,32.30Z,12,44.616667,-0.183333
33490,32.30Z,12,44.566667,-0.266667
33490,32.30Z,12,44.566667,-0.216667
33490,32.30Z,12,"",""
33490,32.30Z,12,44.6,-0.15
33490,32.30Z,12,44.6,-0.2
33490,32.30Z,12,44.583333,-0.216667
33490,32.30Z,12,44.566667,-0.15
33490,55.72,12,44.583333,-0.25
33490,55.72,12,44.633333,-0.233333
33490,55.72,12,44.566667,-0.183333
33490,55.72,12,44.566667,-0.166667
33490,55.72,12,44.616667,-0.183333
33490,55.72,12,44.566667,-0.266667
33490,55.72,12,44.566667,-0.216667
33490,55.72,12,"",""
33490,55.72,12,44.6,-0.15
33490,55.72,12,44.6,-0.2
33490,55.72,12,44.583333,-0.216667
33490,55.72,12,44.566667,-0.15
33490,71.12B,24,44.583333,-0.25
33490,71.12B,24,44.633333,-0.233333
33490,71.12B,24,44.566667,-0.183333
33490,71.12B,24,44.566667,-0.166667
33490,71.12B,24,44.616667,-0.183333
33490,71.12B,24,44.566667,-0.266667
33490,71.12B,24,44.566667,-0.216667
33490,71.12B,24,"",""
33490,71.12B,24,44.6,-0.15
33490,71.12B,24,44.6,-0.2
33490,71.12B,24,44.583333,-0.216667
33490,71.12B,24,44.566667,-0.15
33490,52.6D,24,44.583333,-0.25
33490,52.6D,24,44.633333,-0.233333
33490,52.6D,24,44.566667,-0.183333
33490,52.6D,24,44.566667,-0.166667
33490,52.6D,24,44.616667,-0.183333
33490,52.6D,24,44.566667,-0.266667
33490,52.6D,24,44.566667,-0.216667
33490,52.6D,24,"",""
33490,52.6D,24,44.6,-0.15
33490,52.6D,24,44.6,-0.2
33490,52.6D,24,44.583333,-0.216667
33490,52.6D,24,44.566667,-0.15
33490,68.20B,672,44.583333,-0.25
33490,68.20B,672,44.633333,-0.233333
33490,68.20B,672,44.566667,-0.183333
33490,68.20B,672,44.566667,-0.166667
33490,68.20B,672,44.616667,-0.183333
33490,68.20B,672,44.566667,-0.266667
33490,68.20B,672,44.566667,-0.216667
33490,68.20B,672,"",""
33490,68.20B,672,44.6,-0.15
33490,68.20B,672,44.6,-0.2
33490,68.20B,672,44.583333,-0.216667
33490,68.20B,672,44.566667,-0.15
33490,15.8C,24,44.583333,-0.25
33490,15.8C,24,44.633333,-0.233333
33490,15.8C,24,44.566667,-0.183333
33490,15.8C,24,44.566667,-0.166667
33490,15.8C,24,44.616667,-0.183333
33490,15.8C,24,44.566667,-0.266667
33490,15.8C,24,44.566667,-0.216667
33490,15.8C,24,"",""
33490,15.8C,24,44.6,-0.15
33490,15.8C,24,44.6,-0.2
33490,15.8C,24,44.583333,-0.216667
33490,15.8C,24,44.566667,-0.15
33490,60.2L,24,44.583333,-0.25
33490,60.2L,24,44.633333,-0.233333
33490,60.2L,24,44.566667,-0.183333
33490,60.2L,24,44.566667,-0.166667
33490,60.2L,24,44.616667,-0.183333
33490,60.2L,24,44.566667,-0.266667
33490,60.2L,24,44.566667,-0.216667
33490,60.2L,24,"",""
33490,60.2L,24,44.6,-0.15
33490,60.2L,24,44.6,-0.2
33490,60.2L,24,44.583333,-0.216667
33490,60.2L,24,44.566667,-0.15
33490,74.8F,12,44.583333,-0.25
33490,74.8F,12,44.633333,-0.233333
33490,74.8F,12,44.566667,-0.183333
33490,74.8F,12,44.566667,-0.166667
33490,74.8F,12,44.616667,-0.183333
33490,74.8F,12,44.566667,-0.266667
33490,74.8F,12,44.566667,-0.216667
33490,74.8F,12,"",""
33490,74.8F,12,44.6,-0.15
33490,74.8F,12,44.6,-0.2
33490,74.8F,12,44.583333,-0.216667
33490,74.8F,12,44.566667,-0.15
